{
  "config": {
    "experiment_name": "v1demo_hallu_hmpgae",
    "seed": 42,
    "num_clients": 10,
    "num_attackers": 2,
    "num_benign_clients": null,
    "num_rounds": 3,
    "client_lr": 5e-05,
    "server_lr": 1.0,
    "batch_size": 32,
    "test_batch_size": 128,
    "local_epochs": 1,
    "grad_clip_norm": 1.0,
    "alpha": 0.0,
    "dataset": "ag_news",
    "num_labels": 4,
    "max_length": 64,
    "data_distribution": "iid",
    "dirichlet_alpha": 0.3,
    "dataset_size_limit": 800,
    "use_lora": true,
    "lora_r": 4,
    "lora_alpha": 8,
    "lora_dropout": 0.1,
    "lora_target_modules": null,
    "model_name": "distilbert-base-uncased",
    "attack_method": "Hallucination",
    "attack_start_round": 0,
    "alie_z_max": null,
    "alie_attack_start_round": null,
    "sign_flip_scale": 10.0,
    "sign_flip_attack_start_round": null,
    "gaussian_attack_start_round": null,
    "gaussian_std_scale": 5.0,
    "hallu_flip_ratio": 1.0,
    "hallu_flip_mode": "pairwise",
    "hallu_flip_map": {
      "0": 1,
      "1": 0,
      "2": 3,
      "3": 2
    },
    "hallu_target_class": null,
    "hallu_attack_start_round": 0,
    "dim_reduction_size": 1000,
    "vgae_epochs": 20,
    "vgae_lr": 0.01,
    "vgae_hidden_dim": 64,
    "vgae_latent_dim": 32,
    "vgae_dropout": 0,
    "vgae_kl_weight": 0.1,
    "graph_threshold": 0.5,
    "proxy_step": 0.001,
    "proxy_steps": 200,
    "attacker_proxy_grad_clip_norm": 1.0,
    "attacker_claimed_data_size": null,
    "early_stop_constraint_stability_steps": 1,
    "dist_bound": null,
    "sim_bound_low": null,
    "sim_bound_up": null,
    "server_similarity_mode": "pairwise",
    "use_lagrangian_dual": false,
    "lambda_dist_init": 0.1,
    "lambda_dist_lr": 0.001,
    "use_cosine_similarity_constraint": true,
    "use_pairwise_similarity_in_constraint": true,
    "lambda_sim_low_init": 0.1,
    "lambda_sim_up_init": 0.1,
    "lambda_sim_low_lr": 0.001,
    "lambda_sim_up_lr": 0.001,
    "use_augmented_lagrangian": true,
    "lambda_update_mode": "alm",
    "rho_dist_init": 1.0,
    "rho_sim_low_init": 1.0,
    "rho_sim_up_init": 1.0,
    "rho_adaptive": true,
    "rho_theta": 0.5,
    "rho_increase_factor": 2.0,
    "rho_min": 0.0001,
    "rho_max": 10000.0,
    "attacker_use_proxy_data": true,
    "proxy_sample_size": 128,
    "proxy_max_batches_opt": 1,
    "proxy_max_batches_eval": 1,
    "defense_method": "hmp_gae",
    "defense_config": {
      "proj_dim": 32,
      "eta_dim": 32,
      "hidden_dim": 32,
      "latent_dim": 16,
      "num_hmp_layers": 2,
      "knn_k": 3,
      "train_steps_per_round": 5,
      "train_lr": 0.001,
      "lambda_H": 1.0,
      "lambda_A": 1.0,
      "lambda_hist": 0.5,
      "graph_weight": 1.0,
      "residual_weight_alpha": 0.3,
      "hist_weight_beta": 0.0,
      "softmax_tau": 0.1,
      "hist_ema_beta": 0.9,
      "device": "cpu",
      "random_proj_seed": 42,
      "cold_start_fallback": true,
      "trust_mode": "reject_then_fedavg",
      "reject_z_threshold": 1.0,
      "keep_min": 1
    },
    "save_global_checkpoint": false,
    "global_checkpoint_subdir": "global_checkpoint",
    "run_downstream_after_fl": false,
    "downstream_probes": "data/ag_news_business_30.json",
    "downstream_output": null,
    "downstream_device": null,
    "downstream_cli_args": [
      "--stable"
    ]
  },
  "results": [
    {
      "round": 1,
      "clean_accuracy": 0.30833333333333335,
      "global_loss": 1.353597640991211,
      "acc_diff": 0.10833333333333334,
      "aggregation": {
        "similarities": [
          0.3126014769077301,
          0.3359145522117615,
          0.33645832538604736,
          0.3130679428577423,
          0.23425057530403137,
          0.31639906764030457,
          0.3288985788822174,
          0.3261054754257202,
          0.04170122742652893,
          0.10997647792100906
        ],
        "euclidean_distances": [
          0.06195174902677536,
          0.06266021728515625,
          0.06183590739965439,
          0.06514052301645279,
          0.06914599984884262,
          0.06385229527950287,
          0.0644247755408287,
          0.06008920446038246,
          0.08557596057653427,
          0.07884623110294342
        ],
        "accepted_clients": [
          0,
          1,
          2,
          3,
          4,
          5,
          6,
          7,
          8,
          9
        ],
        "mean_similarity": 0.2655373699963093,
        "std_similarity": 0.10000381945996159,
        "mean_euclidean_distance": 0.0673522800207138,
        "std_euclidean_distance": 0.007921532727777958,
        "aggregated_update_norm": 0.04882962256669998,
        "defense_method": "hmp_gae",
        "trust_weights": [
          0.10000000149011612,
          0.10000000149011612,
          0.10000000149011612,
          0.10000000149011612,
          0.10000000149011612,
          0.10000000149011612,
          0.10000000149011612,
          0.10000000149011612,
          0.10000000149011612,
          0.10000000149011612
        ],
        "raw_weights": [
          80.0,
          80.0,
          80.0,
          80.0,
          80.0,
          80.0,
          80.0,
          80.0,
          80.0,
          80.0
        ],
        "residual": [
          0.2222222089767456,
          0.4444444179534912,
          0.4444444179534912,
          0.3333333134651184,
          0.4444444179534912,
          0.2222222089767456,
          0.2222222089767456,
          0.3333333134651184,
          0.6666666269302368,
          0.6666666269302368
        ],
        "hist_dev": [
          0.0,
          0.0,
          0.0,
          0.0,
          0.0,
          0.0,
          0.0,
          0.0,
          0.0,
          0.0
        ],
        "L_rec": 0.8317762613296509,
        "L_smooth": 4.109282158992755e-08,
        "L_hist": 0.0,
        "defense_time_ms": 203.642917011166,
        "similarity_matrix": [
          [
            1.0000027418136597,
            0.39323049783706665,
            0.3939628601074219,
            0.3886413872241974,
            0.3757811486721039,
            0.4084773063659668,
            0.39205679297447205,
            0.3838265538215637,
            0.018563328310847282,
            0.05887344107031822
          ],
          [
            0.39323049783706665,
            1.000022292137146,
            0.500349760055542,
            0.4807959794998169,
            0.2673371732234955,
            0.3899441361427307,
            0.4125882685184479,
            0.4469756782054901,
            0.0044964635744690895,
            0.12751302123069763
          ],
          [
            0.3939628601074219,
            0.500349760055542,
            0.9999763369560242,
            0.5170823931694031,
            0.3013855516910553,
            0.3854893743991852,
            0.413912832736969,
            0.4161779582500458,
            -0.007252965122461319,
            0.10701723396778107
          ],
          [
            0.3886413872241974,
            0.4807959794998169,
            0.5170823931694031,
            0.9999748468399048,
            0.28672903776168823,
            0.35910892486572266,
            0.38627317547798157,
            0.35536056756973267,
            -0.04829367995262146,
            0.09191358834505081
          ],
          [
            0.3757811486721039,
            0.2673371732234955,
            0.3013855516910553,
            0.28672903776168823,
            0.9999726414680481,
            0.3742832839488983,
            0.3632267415523529,
            0.26688408851623535,
            -0.05392464995384216,
            -0.07344719022512436
          ],
          [
            0.4084773063659668,
            0.3899441361427307,
            0.3854893743991852,
            0.35910892486572266,
            0.3742832839488983,
            1.0000025033950806,
            0.4306282699108124,
            0.4120761752128601,
            0.022260690107941628,
            0.06532368063926697
          ],
          [
            0.39205679297447205,
            0.4125882685184479,
            0.413912832736969,
            0.38627317547798157,
            0.3632267415523529,
            0.4306282699108124,
            0.9999678134918213,
            0.45360133051872253,
            0.0033809486776590347,
            0.10441885888576508
          ],
          [
            0.3838265538215637,
            0.4469756782054901,
            0.4161779582500458,
            0.35536056756973267,
            0.26688408851623535,
            0.4120761752128601,
            0.45360133051872253,
            0.9999989867210388,
            0.06397613137960434,
            0.13607089221477509
          ],
          [
            0.018563328310847282,
            0.0044964635744690895,
            -0.007252965122461319,
            -0.04829367995262146,
            -0.05392464995384216,
            0.022260690107941628,
            0.0033809486776590347,
            0.06397613137960434,
            1.000028371810913,
            0.37210479378700256
          ],
          [
            0.05887344107031822,
            0.12751302123069763,
            0.10701723396778107,
            0.09191358834505081,
            -0.07344719022512436,
            0.06532368063926697,
            0.10441885888576508,
            0.13607089221477509,
            0.37210479378700256,
            0.9999892115592957
          ]
        ],
        "similarity_mode": "pairwise"
      },
      "server_lr": 1.0,
      "local_accuracies": {
        "0": 0.2833333333333333,
        "1": 0.45,
        "2": 0.4166666666666667,
        "3": 0.45,
        "4": 0.19166666666666668,
        "5": 0.325,
        "6": 0.4166666666666667,
        "7": 0.4166666666666667,
        "8": 0.20833333333333334,
        "9": 0.3
      }
    },
    {
      "round": 2,
      "clean_accuracy": 0.525,
      "global_loss": 1.3084265391031902,
      "acc_diff": 0.21666666666666667,
      "aggregation": {
        "similarities": [
          0.30679798126220703,
          0.3164274990558624,
          0.31059351563453674,
          0.30452537536621094,
          0.2774960398674011,
          0.3146636486053467,
          0.340654581785202,
          0.3293275833129883,
          0.0387406088411808,
          0.09175673127174377
        ],
        "euclidean_distances": [
          0.06447732448577881,
          0.06637930870056152,
          0.06573411077260971,
          0.06805703043937683,
          0.07014679908752441,
          0.06406852602958679,
          0.06371932476758957,
          0.06477989256381989,
          0.09084732085466385,
          0.08374956250190735
        ],
        "accepted_clients": [
          0,
          1,
          2,
          3,
          4,
          5,
          6,
          7,
          8,
          9
        ],
        "mean_similarity": 0.26309835650026797,
        "std_similarity": 0.10084024263896288,
        "mean_euclidean_distance": 0.07019592821598053,
        "std_euclidean_distance": 0.008892469108104706,
        "aggregated_update_norm": 0.05962885171175003,
        "defense_method": "hmp_gae",
        "trust_weights": [
          0.1428571492433548,
          0.1428571492433548,
          0.1428571492433548,
          0.1428571492433548,
          0.1428571492433548,
          0.1428571492433548,
          0.0,
          0.1428571492433548,
          0.0,
          0.0
        ],
        "raw_weights": [
          80.0,
          80.0,
          80.0,
          80.0,
          80.0,
          80.0,
          80.0,
          80.0,
          80.0,
          80.0
        ],
        "residual": [
          0.3333333134651184,
          0.4444444179534912,
          0.5555555820465088,
          0.2222222089767456,
          0.3333333134651184,
          0.3333333134651184,
          0.6666666269302368,
          0.2222222089767456,
          0.6666666269302368,
          0.6666666269302368
        ],
        "hist_dev": [
          0.0024184228386729956,
          0.0024964872281998396,
          0.0024985375348478556,
          0.002479280112311244,
          0.002392787951976061,
          0.0024778523948043585,
          0.002473374828696251,
          0.002476121298968792,
          0.0023616987746208906,
          0.0023616987746208906
        ],
        "L_rec": 0.8317758440971375,
        "L_smooth": 4.462653535597383e-08,
        "L_hist": 2.756804065029428e-07,
        "defense_time_ms": 185.56137502309866,
        "similarity_matrix": [
          [
            1.000047206878662,
            0.3778865933418274,
            0.38038960099220276,
            0.3997645378112793,
            0.37835508584976196,
            0.3669300973415375,
            0.383877694606781,
            0.3823028802871704,
            0.022616717964410782,
            0.06905873864889145
          ],
          [
            0.3778865933418274,
            1.000009536743164,
            0.4308466613292694,
            0.49077096581459045,
            0.2946363687515259,
            0.3439573347568512,
            0.43955302238464355,
            0.4088169038295746,
            -0.028047975152730942,
            0.08942771703004837
          ],
          [
            0.38038960099220276,
            0.4308466613292694,
            0.9999899864196777,
            0.4692164957523346,
            0.35295340418815613,
            0.3533855974674225,
            0.4054274559020996,
            0.37262871861457825,
            0.0005678449524566531,
            0.0299261175096035
          ],
          [
            0.3997645378112793,
            0.49077096581459045,
            0.4692164957523346,
            0.9999715685844421,
            0.3278306722640991,
            0.29562872648239136,
            0.4171033501625061,
            0.3590618371963501,
            -0.059254877269268036,
            0.04060672968626022
          ],
          [
            0.37835508584976196,
            0.2946363687515259,
            0.35295340418815613,
            0.3278306722640991,
            1.0000238418579102,
            0.39905107021331787,
            0.40157565474510193,
            0.3755142390727997,
            0.0025985115207731724,
            -0.03505052253603935
          ],
          [
            0.3669300973415375,
            0.3439573347568512,
            0.3533855974674225,
            0.29562872648239136,
            0.39905107021331787,
            0.9999827146530151,
            0.4462023973464966,
            0.4684148132801056,
            0.058545611798763275,
            0.09985720366239548
          ],
          [
            0.383877694606781,
            0.43955302238464355,
            0.4054274559020996,
            0.4171033501625061,
            0.40157565474510193,
            0.4462023973464966,
            0.9999868273735046,
            0.47493472695350647,
            -0.006596763618290424,
            0.10381369292736053
          ],
          [
            0.3823028802871704,
            0.4088169038295746,
            0.37262871861457825,
            0.3590618371963501,
            0.3755142390727997,
            0.4684148132801056,
            0.47493472695350647,
            1.0000009536743164,
            0.02616976387798786,
            0.09610426425933838
          ],
          [
            0.022616717964410782,
            -0.028047975152730942,
            0.0005678449524566531,
            -0.059254877269268036,
            0.0025985115207731724,
            0.058545611798763275,
            -0.006596763618290424,
            0.02616976387798786,
            1.0000102519989014,
            0.3320666253566742
          ],
          [
            0.06905873864889145,
            0.08942771703004837,
            0.0299261175096035,
            0.04060672968626022,
            -0.03505052253603935,
            0.09985720366239548,
            0.10381369292736053,
            0.09610426425933838,
            0.3320666253566742,
            1.0000522136688232
          ]
        ],
        "similarity_mode": "pairwise"
      },
      "server_lr": 1.0,
      "local_accuracies": {
        "0": 0.43333333333333335,
        "1": 0.575,
        "2": 0.43333333333333335,
        "3": 0.5166666666666667,
        "4": 0.325,
        "5": 0.45,
        "6": 0.5666666666666667,
        "7": 0.525,
        "8": 0.24166666666666667,
        "9": 0.425
      }
    },
    {
      "round": 3,
      "clean_accuracy": 0.675,
      "global_loss": 1.2660597483317058,
      "acc_diff": 0.15000000000000002,
      "aggregation": {
        "similarities": [
          0.29000699520111084,
          0.324142187833786,
          0.3087165951728821,
          0.33259788155555725,
          0.27399060130119324,
          0.32000091671943665,
          0.34231093525886536,
          0.33010268211364746,
          0.017684876918792725,
          0.05291248857975006
        ],
        "euclidean_distances": [
          0.06518049538135529,
          0.0626334547996521,
          0.06521319597959518,
          0.06710774451494217,
          0.0703892931342125,
          0.06618615984916687,
          0.06222163140773773,
          0.063066266477108,
          0.0921211913228035,
          0.08575070649385452
        ],
        "accepted_clients": [
          0,
          1,
          2,
          3,
          4,
          5,
          6,
          7,
          8,
          9
        ],
        "mean_similarity": 0.25924661606550214,
        "std_similarity": 0.11390342509947649,
        "mean_euclidean_distance": 0.06998701393604279,
        "std_euclidean_distance": 0.009846213273704052,
        "aggregated_update_norm": 0.06019769608974457,
        "defense_method": "hmp_gae",
        "trust_weights": [
          0.125,
          0.125,
          0.125,
          0.125,
          0.125,
          0.125,
          0.125,
          0.125,
          0.0,
          0.0
        ],
        "raw_weights": [
          80.0,
          80.0,
          80.0,
          80.0,
          80.0,
          80.0,
          80.0,
          80.0,
          80.0,
          80.0
        ],
        "residual": [
          0.1111111044883728,
          0.2222222089767456,
          0.3333333134651184,
          0.4444444179534912,
          0.2222222089767456,
          0.2222222089767456,
          0.4444444179534912,
          0.2222222089767456,
          0.6666666269302368,
          0.6666666269302368
        ],
        "hist_dev": [
          0.0038227431941777468,
          0.003974813036620617,
          0.00396891450509429,
          0.003997720777988434,
          0.0038059991784393787,
          0.003966519609093666,
          0.003983710426837206,
          0.003971010912209749,
          0.0037068871315568686,
          0.0037068871315568686
        ],
        "L_rec": 0.8317720293998718,
        "L_smooth": 8.573093168706691e-08,
        "L_hist": 8.050600399656105e-07,
        "defense_time_ms": 184.66608299058862,
        "similarity_matrix": [
          [
            0.9999363422393799,
            0.3597832918167114,
            0.4125515818595886,
            0.43499451875686646,
            0.39634057879447937,
            0.363765150308609,
            0.35835373401641846,
            0.3736938238143921,
            -0.029529230669140816,
            -0.059890393167734146
          ],
          [
            0.3597832918167114,
            0.9999894499778748,
            0.44596657156944275,
            0.5101518630981445,
            0.2734791040420532,
            0.38076072931289673,
            0.4707816541194916,
            0.43463897705078125,
            -0.040240462869405746,
            0.0819578766822815
          ],
          [
            0.4125515818595886,
            0.44596657156944275,
            1.0000100135803223,
            0.510074257850647,
            0.3701927959918976,
            0.3659606873989105,
            0.4342549443244934,
            0.36206960678100586,
            -0.07618581503629684,
            -0.04643511772155762
          ],
          [
            0.43499451875686646,
            0.5101518630981445,
            0.510074257850647,
            1.000017762184143,
            0.3502997159957886,
            0.3609154224395752,
            0.4633076786994934,
            0.43657946586608887,
            -0.07242356240749359,
            -0.000518204877153039
          ],
          [
            0.39634057879447937,
            0.2734791040420532,
            0.3701927959918976,
            0.3502997159957886,
            0.9999868869781494,
            0.4044201374053955,
            0.38310706615448,
            0.3700910806655884,
            -0.017753785476088524,
            -0.0642613098025322
          ],
          [
            0.363765150308609,
            0.38076072931289673,
            0.3659606873989105,
            0.3609154224395752,
            0.4044201374053955,
            0.9999765157699585,
            0.44056084752082825,
            0.44388991594314575,
            0.04764587804675102,
            0.0720895379781723
          ],
          [
            0.35835373401641846,
            0.4707816541194916,
            0.4342549443244934,
            0.4633076786994934,
            0.38310706615448,
            0.44056084752082825,
            0.9999913573265076,
            0.4620154798030853,
            -0.01845005340874195,
            0.08686710149049759
          ],
          [
            0.3736938238143921,
            0.43463897705078125,
            0.36206960678100586,
            0.43657946586608887,
            0.3700910806655884,
            0.44388991594314575,
            0.4620154798030853,
            1.0000059604644775,
            0.0238218754529953,
            0.06412386149168015
          ],
          [
            -0.029529230669140816,
            -0.040240462869405746,
            -0.07618581503629684,
            -0.07242356240749359,
            -0.017753785476088524,
            0.04764587804675102,
            -0.01845005340874195,
            0.0238218754529953,
            1.0000377893447876,
            0.3422790467739105
          ],
          [
            -0.059890393167734146,
            0.0819578766822815,
            -0.04643511772155762,
            -0.000518204877153039,
            -0.0642613098025322,
            0.0720895379781723,
            0.08686710149049759,
            0.06412386149168015,
            0.3422790467739105,
            0.9999741315841675
          ]
        ],
        "similarity_mode": "pairwise"
      },
      "server_lr": 1.0,
      "local_accuracies": {
        "0": 0.525,
        "1": 0.65,
        "2": 0.575,
        "3": 0.5916666666666667,
        "4": 0.44166666666666665,
        "5": 0.65,
        "6": 0.7166666666666667,
        "7": 0.7333333333333333,
        "8": 0.4666666666666667,
        "9": 0.475
      }
    }
  ],
  "progressive_metrics": {
    "rounds": [
      1,
      2,
      3
    ],
    "clean_acc": [
      0.30833333333333335,
      0.525,
      0.675
    ],
    "acc_diff": [
      0.10833333333333334,
      0.21666666666666667,
      0.15000000000000002
    ],
    "agg_update_norm": [
      0.04882962256669998,
      0.05962885171175003,
      0.06019769608974457
    ]
  },
  "local_accuracies": {
    "0": [
      0.2833333333333333,
      0.43333333333333335,
      0.525
    ],
    "1": [
      0.45,
      0.575,
      0.65
    ],
    "2": [
      0.4166666666666667,
      0.43333333333333335,
      0.575
    ],
    "3": [
      0.45,
      0.5166666666666667,
      0.5916666666666667
    ],
    "4": [
      0.19166666666666668,
      0.325,
      0.44166666666666665
    ],
    "5": [
      0.325,
      0.45,
      0.65
    ],
    "6": [
      0.4166666666666667,
      0.5666666666666667,
      0.7166666666666667
    ],
    "7": [
      0.4166666666666667,
      0.525,
      0.7333333333333333
    ],
    "8": [
      0.20833333333333334,
      0.24166666666666667,
      0.4666666666666667
    ],
    "9": [
      0.3,
      0.425,
      0.475
    ]
  }
}