{
  "config": {
    "experiment_name": "v1seed_fedavg_s2024",
    "seed": 2024,
    "num_clients": 10,
    "num_attackers": 2,
    "num_benign_clients": null,
    "num_rounds": 3,
    "client_lr": 5e-05,
    "server_lr": 1.0,
    "batch_size": 32,
    "test_batch_size": 128,
    "local_epochs": 1,
    "grad_clip_norm": 1.0,
    "alpha": 0.0,
    "dataset": "ag_news",
    "num_labels": 4,
    "max_length": 64,
    "data_distribution": "iid",
    "dirichlet_alpha": 0.3,
    "dataset_size_limit": 800,
    "use_lora": true,
    "lora_r": 4,
    "lora_alpha": 8,
    "lora_dropout": 0.1,
    "lora_target_modules": null,
    "model_name": "distilbert-base-uncased",
    "attack_method": "Hallucination",
    "attack_start_round": 0,
    "alie_z_max": null,
    "alie_attack_start_round": null,
    "sign_flip_scale": 10.0,
    "sign_flip_attack_start_round": null,
    "gaussian_attack_start_round": null,
    "gaussian_std_scale": 5.0,
    "hallu_flip_ratio": 1.0,
    "hallu_flip_mode": "pairwise",
    "hallu_flip_map": {
      "0": 1,
      "1": 0,
      "2": 3,
      "3": 2
    },
    "hallu_target_class": null,
    "hallu_attack_start_round": 0,
    "dim_reduction_size": 1000,
    "vgae_epochs": 20,
    "vgae_lr": 0.01,
    "vgae_hidden_dim": 64,
    "vgae_latent_dim": 32,
    "vgae_dropout": 0,
    "vgae_kl_weight": 0.1,
    "graph_threshold": 0.5,
    "proxy_step": 0.001,
    "proxy_steps": 200,
    "attacker_proxy_grad_clip_norm": 1.0,
    "attacker_claimed_data_size": null,
    "early_stop_constraint_stability_steps": 1,
    "dist_bound": null,
    "sim_bound_low": null,
    "sim_bound_up": null,
    "server_similarity_mode": "pairwise",
    "use_lagrangian_dual": false,
    "lambda_dist_init": 0.1,
    "lambda_dist_lr": 0.001,
    "use_cosine_similarity_constraint": true,
    "use_pairwise_similarity_in_constraint": true,
    "lambda_sim_low_init": 0.1,
    "lambda_sim_up_init": 0.1,
    "lambda_sim_low_lr": 0.001,
    "lambda_sim_up_lr": 0.001,
    "use_augmented_lagrangian": true,
    "lambda_update_mode": "alm",
    "rho_dist_init": 1.0,
    "rho_sim_low_init": 1.0,
    "rho_sim_up_init": 1.0,
    "rho_adaptive": true,
    "rho_theta": 0.5,
    "rho_increase_factor": 2.0,
    "rho_min": 0.0001,
    "rho_max": 10000.0,
    "attacker_use_proxy_data": true,
    "proxy_sample_size": 128,
    "proxy_max_batches_opt": 1,
    "proxy_max_batches_eval": 1,
    "defense_method": "fedavg",
    "defense_config": {
      "proj_dim": 32,
      "eta_dim": 32,
      "hidden_dim": 32,
      "latent_dim": 16,
      "num_hmp_layers": 2,
      "knn_k": 3,
      "train_steps_per_round": 5,
      "train_lr": 0.001,
      "lambda_H": 1.0,
      "lambda_A": 1.0,
      "lambda_hist": 0.5,
      "graph_weight": 1.0,
      "residual_weight_alpha": 0.3,
      "hist_weight_beta": 0.0,
      "softmax_tau": 0.1,
      "hist_ema_beta": 0.9,
      "device": "cpu",
      "random_proj_seed": 42,
      "cold_start_fallback": true,
      "trust_mode": "reject_then_fedavg",
      "reject_z_threshold": 1.0,
      "keep_min": 1
    },
    "save_global_checkpoint": false,
    "global_checkpoint_subdir": "global_checkpoint",
    "run_downstream_after_fl": false,
    "downstream_probes": "data/ag_news_business_30.json",
    "downstream_output": null,
    "downstream_device": null,
    "downstream_cli_args": [
      "--stable"
    ]
  },
  "results": [
    {
      "round": 1,
      "clean_accuracy": 0.25833333333333336,
      "global_loss": 1.3599246978759765,
      "acc_diff": 0.0,
      "aggregation": {
        "similarities": [
          0.3636125326156616,
          0.33183351159095764,
          0.3838461637496948,
          0.36659350991249084,
          0.3462825417518616,
          0.3243838846683502,
          0.39472776651382446,
          0.33544614911079407,
          0.12043583393096924,
          0.10035262256860733
        ],
        "euclidean_distances": [
          0.0625186562538147,
          0.06328750401735306,
          0.06228715181350708,
          0.058200154453516006,
          0.0636729896068573,
          0.06429779529571533,
          0.05834665149450302,
          0.06140907108783722,
          0.08160987496376038,
          0.08546294271945953
        ],
        "accepted_clients": [
          0,
          1,
          2,
          3,
          4,
          5,
          6,
          7,
          8,
          9
        ],
        "mean_similarity": 0.30675145164132117,
        "std_similarity": 0.10056727713359791,
        "mean_euclidean_distance": 0.06610927730798721,
        "std_euclidean_distance": 0.00896893534809351,
        "aggregated_update_norm": 0.051801491528749466,
        "defense_method": "fedavg",
        "trust_weights": [
          0.10000000149011612,
          0.10000000149011612,
          0.10000000149011612,
          0.10000000149011612,
          0.10000000149011612,
          0.10000000149011612,
          0.10000000149011612,
          0.10000000149011612,
          0.10000000149011612,
          0.10000000149011612
        ],
        "raw_weights": [
          80.0,
          80.0,
          80.0,
          80.0,
          80.0,
          80.0,
          80.0,
          80.0,
          80.0,
          80.0
        ],
        "similarity_matrix": [
          [
            0.9999900460243225,
            0.4250200092792511,
            0.48498964309692383,
            0.4373267590999603,
            0.41836869716644287,
            0.38188669085502625,
            0.4849921762943268,
            0.3907422721385956,
            0.15005050599575043,
            0.09913616627454758
          ],
          [
            0.4250200092792511,
            1.0000379085540771,
            0.43642279505729675,
            0.41454365849494934,
            0.35111382603645325,
            0.42253750562667847,
            0.45336467027664185,
            0.3800906240940094,
            0.11278277635574341,
            -0.009374162182211876
          ],
          [
            0.48498964309692383,
            0.43642279505729675,
            1.000004768371582,
            0.4949236512184143,
            0.4340604245662689,
            0.41734495759010315,
            0.5151529312133789,
            0.4534611701965332,
            0.14372999966144562,
            0.07452991604804993
          ],
          [
            0.4373267590999603,
            0.41454365849494934,
            0.4949236512184143,
            1.0000306367874146,
            0.42303934693336487,
            0.42899078130722046,
            0.49619799852371216,
            0.4732275903224945,
            0.0662398561835289,
            0.06485198438167572
          ],
          [
            0.41836869716644287,
            0.35111382603645325,
            0.4340604245662689,
            0.42303934693336487,
            0.9999825954437256,
            0.34366539120674133,
            0.4617539942264557,
            0.42517128586769104,
            0.08829274773597717,
            0.17107713222503662
          ],
          [
            0.38188669085502625,
            0.42253750562667847,
            0.41734495759010315,
            0.42899078130722046,
            0.34366539120674133,
            1.0000247955322266,
            0.43980661034584045,
            0.425010621547699,
            0.050714846700429916,
            0.00949766393750906
          ],
          [
            0.4849921762943268,
            0.45336467027664185,
            0.5151529312133789,
            0.49619799852371216,
            0.4617539942264557,
            0.43980661034584045,
            0.999989926815033,
            0.45606014132499695,
            0.13494010269641876,
            0.11028126627206802
          ],
          [
            0.3907422721385956,
            0.3800906240940094,
            0.4534611701965332,
            0.4732275903224945,
            0.42517128586769104,
            0.425010621547699,
            0.45606014132499695,
            1.0000195503234863,
            -0.01537514291703701,
            0.03062683343887329
          ],
          [
            0.15005050599575043,
            0.11278277635574341,
            0.14372999966144562,
            0.0662398561835289,
            0.08829274773597717,
            0.050714846700429916,
            0.13494010269641876,
            -0.01537514291703701,
            0.9999929070472717,
            0.3525468111038208
          ],
          [
            0.09913616627454758,
            -0.009374162182211876,
            0.07452991604804993,
            0.06485198438167572,
            0.17107713222503662,
            0.00949766393750906,
            0.11028126627206802,
            0.03062683343887329,
            0.3525468111038208,
            1.000016212463379
          ]
        ],
        "similarity_mode": "pairwise"
      },
      "server_lr": 1.0,
      "local_accuracies": {
        "0": 0.26666666666666666,
        "1": 0.26666666666666666,
        "2": 0.275,
        "3": 0.26666666666666666,
        "4": 0.25833333333333336,
        "5": 0.26666666666666666,
        "6": 0.275,
        "7": 0.25833333333333336,
        "8": 0.25833333333333336,
        "9": 0.25833333333333336
      }
    },
    {
      "round": 2,
      "clean_accuracy": 0.3416666666666667,
      "global_loss": 1.3240768432617187,
      "acc_diff": 0.08333333333333331,
      "aggregation": {
        "similarities": [
          0.35107600688934326,
          0.36604422330856323,
          0.35664066672325134,
          0.35157379508018494,
          0.29392126202583313,
          0.30356335639953613,
          0.3552960157394409,
          0.34451988339424133,
          0.06603565067052841,
          0.08304902911186218
        ],
        "euclidean_distances": [
          0.05819692462682724,
          0.05968618020415306,
          0.06288797408342361,
          0.0615568682551384,
          0.0644063651561737,
          0.06544645875692368,
          0.061189256608486176,
          0.06616262346506119,
          0.08728484064340591,
          0.08802828192710876
        ],
        "accepted_clients": [
          0,
          1,
          2,
          3,
          4,
          5,
          6,
          7,
          8,
          9
        ],
        "mean_similarity": 0.2871719889342785,
        "std_similarity": 0.10866894642157293,
        "mean_euclidean_distance": 0.06748457998037338,
        "std_euclidean_distance": 0.010355887934565544,
        "aggregated_update_norm": 0.05076398327946663,
        "defense_method": "fedavg",
        "trust_weights": [
          0.10000000149011612,
          0.10000000149011612,
          0.10000000149011612,
          0.10000000149011612,
          0.10000000149011612,
          0.10000000149011612,
          0.10000000149011612,
          0.10000000149011612,
          0.10000000149011612,
          0.10000000149011612
        ],
        "raw_weights": [
          80.0,
          80.0,
          80.0,
          80.0,
          80.0,
          80.0,
          80.0,
          80.0,
          80.0,
          80.0
        ],
        "similarity_matrix": [
          [
            1.000012993812561,
            0.4830886721611023,
            0.4543563723564148,
            0.45009568333625793,
            0.35436704754829407,
            0.4072771668434143,
            0.42627066373825073,
            0.4208771288394928,
            0.09143321961164474,
            0.07191826403141022
          ],
          [
            0.4830886721611023,
            1.000002145767212,
            0.4907071888446808,
            0.49434894323349,
            0.32460692524909973,
            0.46277937293052673,
            0.46950986981391907,
            0.46571052074432373,
            0.07943589240312576,
            0.024210786446928978
          ],
          [
            0.4543563723564148,
            0.4907071888446808,
            1.0000133514404297,
            0.4704637825489044,
            0.3389015793800354,
            0.4263301193714142,
            0.47370001673698425,
            0.4651374816894531,
            0.046376898884773254,
            0.04379228502511978
          ],
          [
            0.45009568333625793,
            0.49434894323349,
            0.4704637825489044,
            1.0000196695327759,
            0.34722983837127686,
            0.42137014865875244,
            0.4915670156478882,
            0.43986812233924866,
            0.019184736534953117,
            0.030036060139536858
          ],
          [
            0.35436704754829407,
            0.32460692524909973,
            0.3389015793800354,
            0.34722983837127686,
            1.0000324249267578,
            0.23375576734542847,
            0.4217490553855896,
            0.40141674876213074,
            0.03372678905725479,
            0.1895374357700348
          ],
          [
            0.4072771668434143,
            0.46277937293052673,
            0.4263301193714142,
            0.42137014865875244,
            0.23375576734542847,
            1.0000067949295044,
            0.38893547654151917,
            0.4241366684436798,
            0.011440391652286053,
            -0.043954916298389435
          ],
          [
            0.42627066373825073,
            0.46950986981391907,
            0.47370001673698425,
            0.4915670156478882,
            0.4217490553855896,
            0.38893547654151917,
            0.9999911785125732,
            0.46305572986602783,
            -0.01656910590827465,
            0.07944539189338684
          ],
          [
            0.4208771288394928,
            0.46571052074432373,
            0.4651374816894531,
            0.43986812233924866,
            0.40141674876213074,
            0.4241366684436798,
            0.46305572986602783,
            1.000004768371582,
            -0.0013436879962682724,
            0.02182021364569664
          ],
          [
            0.09143321961164474,
            0.07943589240312576,
            0.046376898884773254,
            0.019184736534953117,
            0.03372678905725479,
            0.011440391652286053,
            -0.01656910590827465,
            -0.0013436879962682724,
            1.000054955482483,
            0.3306356966495514
          ],
          [
            0.07191826403141022,
            0.024210786446928978,
            0.04379228502511978,
            0.030036060139536858,
            0.1895374357700348,
            -0.043954916298389435,
            0.07944539189338684,
            0.02182021364569664,
            0.3306356966495514,
            0.9999920129776001
          ]
        ],
        "similarity_mode": "pairwise"
      },
      "server_lr": 1.0,
      "local_accuracies": {
        "0": 0.38333333333333336,
        "1": 0.43333333333333335,
        "2": 0.4083333333333333,
        "3": 0.4083333333333333,
        "4": 0.26666666666666666,
        "5": 0.39166666666666666,
        "6": 0.39166666666666666,
        "7": 0.35833333333333334,
        "8": 0.25833333333333336,
        "9": 0.26666666666666666
      }
    },
    {
      "round": 3,
      "clean_accuracy": 0.5166666666666667,
      "global_loss": 1.2924179077148437,
      "acc_diff": 0.17500000000000004,
      "aggregation": {
        "similarities": [
          0.35573258996009827,
          0.35067716240882874,
          0.3659254014492035,
          0.3402177393436432,
          0.33363473415374756,
          0.26990848779678345,
          0.3637443482875824,
          0.3226604163646698,
          0.07788100093603134,
          0.05554189160466194
        ],
        "euclidean_distances": [
          0.06273087114095688,
          0.061490658670663834,
          0.06367042660713196,
          0.06256728619337082,
          0.06566251814365387,
          0.07033529132604599,
          0.06263938546180725,
          0.06615734845399857,
          0.08628565818071365,
          0.09166327863931656
        ],
        "accepted_clients": [
          0,
          1,
          2,
          3,
          4,
          5,
          6,
          7,
          8,
          9
        ],
        "mean_similarity": 0.283592377230525,
        "std_similarity": 0.11164948186188493,
        "mean_euclidean_distance": 0.06932027637958527,
        "std_euclidean_distance": 0.010189841501414776,
        "aggregated_update_norm": 0.05197081342339516,
        "defense_method": "fedavg",
        "trust_weights": [
          0.10000000149011612,
          0.10000000149011612,
          0.10000000149011612,
          0.10000000149011612,
          0.10000000149011612,
          0.10000000149011612,
          0.10000000149011612,
          0.10000000149011612,
          0.10000000149011612,
          0.10000000149011612
        ],
        "raw_weights": [
          80.0,
          80.0,
          80.0,
          80.0,
          80.0,
          80.0,
          80.0,
          80.0,
          80.0,
          80.0
        ],
        "similarity_matrix": [
          [
            0.999965250492096,
            0.45747295022010803,
            0.4874385595321655,
            0.42546379566192627,
            0.419426292181015,
            0.35194796323776245,
            0.45513996481895447,
            0.3858930170536041,
            0.1468602567911148,
            0.07195071130990982
          ],
          [
            0.45747295022010803,
            0.999925971031189,
            0.47654038667678833,
            0.48056960105895996,
            0.39193636178970337,
            0.4333377480506897,
            0.4659842848777771,
            0.39991068840026855,
            0.09025257080793381,
            -0.03991014510393143
          ],
          [
            0.4874385595321655,
            0.47654038667678833,
            1.0000072717666626,
            0.46184512972831726,
            0.43359145522117615,
            0.3796837627887726,
            0.48777681589126587,
            0.4384128749370575,
            0.10166952759027481,
            0.02637000009417534
          ],
          [
            0.42546379566192627,
            0.48056960105895996,
            0.46184512972831726,
            1.0000073909759521,
            0.41812893748283386,
            0.3652956783771515,
            0.48961666226387024,
            0.41096031665802,
            0.014952457509934902,
            -0.004872689954936504
          ],
          [
            0.419426292181015,
            0.39193636178970337,
            0.43359145522117615,
            0.41812893748283386,
            1.0000211000442505,
            0.2783713936805725,
            0.4632005989551544,
            0.43789252638816833,
            0.04862309247255325,
            0.11154192686080933
          ],
          [
            0.35194796323776245,
            0.4333377480506897,
            0.3796837627887726,
            0.3652956783771515,
            0.2783713936805725,
            0.9999914765357971,
            0.3398497998714447,
            0.3667093813419342,
            0.008510165847837925,
            -0.09452959895133972
          ],
          [
            0.45513996481895447,
            0.4659842848777771,
            0.48777681589126587,
            0.48961666226387024,
            0.4632005989551544,
            0.3398497998714447,
            1.000012755393982,
            0.4757568836212158,
            0.03266255930066109,
            0.06371131539344788
          ],
          [
            0.3858930170536041,
            0.39991068840026855,
            0.4384128749370575,
            0.41096031665802,
            0.43789252638816833,
            0.3667093813419342,
            0.4757568836212158,
            0.9999866485595703,
            -0.059904515743255615,
            0.04831264913082123
          ],
          [
            0.1468602567911148,
            0.09025257080793381,
            0.10166952759027481,
            0.014952457509934902,
            0.04862309247255325,
            0.008510165847837925,
            0.03266255930066109,
            -0.059904515743255615,
            1.0000205039978027,
            0.3173028826713562
          ],
          [
            0.07195071130990982,
            -0.03991014510393143,
            0.02637000009417534,
            -0.004872689954936504,
            0.11154192686080933,
            -0.09452959895133972,
            0.06371131539344788,
            0.04831264913082123,
            0.3173028826713562,
            1.000064492225647
          ]
        ],
        "similarity_mode": "pairwise"
      },
      "server_lr": 1.0,
      "local_accuracies": {
        "0": 0.5083333333333333,
        "1": 0.625,
        "2": 0.6083333333333333,
        "3": 0.6416666666666667,
        "4": 0.5666666666666667,
        "5": 0.5333333333333333,
        "6": 0.65,
        "7": 0.5,
        "8": 0.38333333333333336,
        "9": 0.3
      }
    }
  ],
  "progressive_metrics": {
    "rounds": [
      1,
      2,
      3
    ],
    "clean_acc": [
      0.25833333333333336,
      0.3416666666666667,
      0.5166666666666667
    ],
    "acc_diff": [
      0.0,
      0.08333333333333331,
      0.17500000000000004
    ],
    "agg_update_norm": [
      0.051801491528749466,
      0.05076398327946663,
      0.05197081342339516
    ]
  },
  "local_accuracies": {
    "0": [
      0.26666666666666666,
      0.38333333333333336,
      0.5083333333333333
    ],
    "1": [
      0.26666666666666666,
      0.43333333333333335,
      0.625
    ],
    "2": [
      0.275,
      0.4083333333333333,
      0.6083333333333333
    ],
    "3": [
      0.26666666666666666,
      0.4083333333333333,
      0.6416666666666667
    ],
    "4": [
      0.25833333333333336,
      0.26666666666666666,
      0.5666666666666667
    ],
    "5": [
      0.26666666666666666,
      0.39166666666666666,
      0.5333333333333333
    ],
    "6": [
      0.275,
      0.39166666666666666,
      0.65
    ],
    "7": [
      0.25833333333333336,
      0.35833333333333334,
      0.5
    ],
    "8": [
      0.25833333333333336,
      0.25833333333333336,
      0.38333333333333336
    ],
    "9": [
      0.25833333333333336,
      0.26666666666666666,
      0.3
    ]
  }
}