{
  "config": {
    "experiment_name": "v1seed_hmp_gae_s2024",
    "seed": 2024,
    "num_clients": 10,
    "num_attackers": 2,
    "num_benign_clients": null,
    "num_rounds": 3,
    "client_lr": 5e-05,
    "server_lr": 1.0,
    "batch_size": 32,
    "test_batch_size": 128,
    "local_epochs": 1,
    "grad_clip_norm": 1.0,
    "alpha": 0.0,
    "dataset": "ag_news",
    "num_labels": 4,
    "max_length": 64,
    "data_distribution": "iid",
    "dirichlet_alpha": 0.3,
    "dataset_size_limit": 800,
    "use_lora": true,
    "lora_r": 4,
    "lora_alpha": 8,
    "lora_dropout": 0.1,
    "lora_target_modules": null,
    "model_name": "distilbert-base-uncased",
    "attack_method": "Hallucination",
    "attack_start_round": 0,
    "alie_z_max": null,
    "alie_attack_start_round": null,
    "sign_flip_scale": 10.0,
    "sign_flip_attack_start_round": null,
    "gaussian_attack_start_round": null,
    "gaussian_std_scale": 5.0,
    "hallu_flip_ratio": 1.0,
    "hallu_flip_mode": "pairwise",
    "hallu_flip_map": {
      "0": 1,
      "1": 0,
      "2": 3,
      "3": 2
    },
    "hallu_target_class": null,
    "hallu_attack_start_round": 0,
    "dim_reduction_size": 1000,
    "vgae_epochs": 20,
    "vgae_lr": 0.01,
    "vgae_hidden_dim": 64,
    "vgae_latent_dim": 32,
    "vgae_dropout": 0,
    "vgae_kl_weight": 0.1,
    "graph_threshold": 0.5,
    "proxy_step": 0.001,
    "proxy_steps": 200,
    "attacker_proxy_grad_clip_norm": 1.0,
    "attacker_claimed_data_size": null,
    "early_stop_constraint_stability_steps": 1,
    "dist_bound": null,
    "sim_bound_low": null,
    "sim_bound_up": null,
    "server_similarity_mode": "pairwise",
    "use_lagrangian_dual": false,
    "lambda_dist_init": 0.1,
    "lambda_dist_lr": 0.001,
    "use_cosine_similarity_constraint": true,
    "use_pairwise_similarity_in_constraint": true,
    "lambda_sim_low_init": 0.1,
    "lambda_sim_up_init": 0.1,
    "lambda_sim_low_lr": 0.001,
    "lambda_sim_up_lr": 0.001,
    "use_augmented_lagrangian": true,
    "lambda_update_mode": "alm",
    "rho_dist_init": 1.0,
    "rho_sim_low_init": 1.0,
    "rho_sim_up_init": 1.0,
    "rho_adaptive": true,
    "rho_theta": 0.5,
    "rho_increase_factor": 2.0,
    "rho_min": 0.0001,
    "rho_max": 10000.0,
    "attacker_use_proxy_data": true,
    "proxy_sample_size": 128,
    "proxy_max_batches_opt": 1,
    "proxy_max_batches_eval": 1,
    "defense_method": "hmp_gae",
    "defense_config": {
      "proj_dim": 32,
      "eta_dim": 32,
      "hidden_dim": 32,
      "latent_dim": 16,
      "num_hmp_layers": 2,
      "knn_k": 3,
      "train_steps_per_round": 5,
      "train_lr": 0.001,
      "lambda_H": 1.0,
      "lambda_A": 1.0,
      "lambda_hist": 0.5,
      "graph_weight": 1.0,
      "residual_weight_alpha": 0.3,
      "hist_weight_beta": 0.0,
      "softmax_tau": 0.1,
      "hist_ema_beta": 0.9,
      "device": "cpu",
      "random_proj_seed": 42,
      "cold_start_fallback": true,
      "trust_mode": "reject_then_fedavg",
      "reject_z_threshold": 1.0,
      "keep_min": 1
    },
    "save_global_checkpoint": false,
    "global_checkpoint_subdir": "global_checkpoint",
    "run_downstream_after_fl": false,
    "downstream_probes": "data/ag_news_business_30.json",
    "downstream_output": null,
    "downstream_device": null,
    "downstream_cli_args": [
      "--stable"
    ]
  },
  "results": [
    {
      "round": 1,
      "clean_accuracy": 0.25833333333333336,
      "global_loss": 1.3599246978759765,
      "acc_diff": 0.0,
      "aggregation": {
        "similarities": [
          0.3636125326156616,
          0.33183351159095764,
          0.3838461637496948,
          0.36659350991249084,
          0.3462825417518616,
          0.3243838846683502,
          0.39472776651382446,
          0.33544614911079407,
          0.12043583393096924,
          0.10035262256860733
        ],
        "euclidean_distances": [
          0.0625186562538147,
          0.06328750401735306,
          0.06228715181350708,
          0.058200154453516006,
          0.0636729896068573,
          0.06429779529571533,
          0.05834665149450302,
          0.06140907108783722,
          0.08160987496376038,
          0.08546294271945953
        ],
        "accepted_clients": [
          0,
          1,
          2,
          3,
          4,
          5,
          6,
          7,
          8,
          9
        ],
        "mean_similarity": 0.30675145164132117,
        "std_similarity": 0.10056727713359791,
        "mean_euclidean_distance": 0.06610927730798721,
        "std_euclidean_distance": 0.00896893534809351,
        "aggregated_update_norm": 0.051801491528749466,
        "defense_method": "hmp_gae",
        "trust_weights": [
          0.10000000149011612,
          0.10000000149011612,
          0.10000000149011612,
          0.10000000149011612,
          0.10000000149011612,
          0.10000000149011612,
          0.10000000149011612,
          0.10000000149011612,
          0.10000000149011612,
          0.10000000149011612
        ],
        "raw_weights": [
          80.0,
          80.0,
          80.0,
          80.0,
          80.0,
          80.0,
          80.0,
          80.0,
          80.0,
          80.0
        ],
        "residual": [
          0.6666666269302368,
          0.4444444179534912,
          0.5555555820465088,
          0.2222222089767456,
          0.3333333134651184,
          0.3333333134651184,
          0.4444444179534912,
          0.3333333134651184,
          0.6666666269302368,
          0.6666666269302368
        ],
        "hist_dev": [
          0.0,
          0.0,
          0.0,
          0.0,
          0.0,
          0.0,
          0.0,
          0.0,
          0.0,
          0.0
        ],
        "L_rec": 0.8317646980285645,
        "L_smooth": 8.440969168077572e-08,
        "L_hist": 0.0,
        "defense_time_ms": 204.00012499885634,
        "similarity_matrix": [
          [
            0.9999900460243225,
            0.4250200092792511,
            0.48498964309692383,
            0.4373267590999603,
            0.41836869716644287,
            0.38188669085502625,
            0.4849921762943268,
            0.3907422721385956,
            0.15005050599575043,
            0.09913616627454758
          ],
          [
            0.4250200092792511,
            1.0000379085540771,
            0.43642279505729675,
            0.41454365849494934,
            0.35111382603645325,
            0.42253750562667847,
            0.45336467027664185,
            0.3800906240940094,
            0.11278277635574341,
            -0.009374162182211876
          ],
          [
            0.48498964309692383,
            0.43642279505729675,
            1.000004768371582,
            0.4949236512184143,
            0.4340604245662689,
            0.41734495759010315,
            0.5151529312133789,
            0.4534611701965332,
            0.14372999966144562,
            0.07452991604804993
          ],
          [
            0.4373267590999603,
            0.41454365849494934,
            0.4949236512184143,
            1.0000306367874146,
            0.42303934693336487,
            0.42899078130722046,
            0.49619799852371216,
            0.4732275903224945,
            0.0662398561835289,
            0.06485198438167572
          ],
          [
            0.41836869716644287,
            0.35111382603645325,
            0.4340604245662689,
            0.42303934693336487,
            0.9999825954437256,
            0.34366539120674133,
            0.4617539942264557,
            0.42517128586769104,
            0.08829274773597717,
            0.17107713222503662
          ],
          [
            0.38188669085502625,
            0.42253750562667847,
            0.41734495759010315,
            0.42899078130722046,
            0.34366539120674133,
            1.0000247955322266,
            0.43980661034584045,
            0.425010621547699,
            0.050714846700429916,
            0.00949766393750906
          ],
          [
            0.4849921762943268,
            0.45336467027664185,
            0.5151529312133789,
            0.49619799852371216,
            0.4617539942264557,
            0.43980661034584045,
            0.999989926815033,
            0.45606014132499695,
            0.13494010269641876,
            0.11028126627206802
          ],
          [
            0.3907422721385956,
            0.3800906240940094,
            0.4534611701965332,
            0.4732275903224945,
            0.42517128586769104,
            0.425010621547699,
            0.45606014132499695,
            1.0000195503234863,
            -0.01537514291703701,
            0.03062683343887329
          ],
          [
            0.15005050599575043,
            0.11278277635574341,
            0.14372999966144562,
            0.0662398561835289,
            0.08829274773597717,
            0.050714846700429916,
            0.13494010269641876,
            -0.01537514291703701,
            0.9999929070472717,
            0.3525468111038208
          ],
          [
            0.09913616627454758,
            -0.009374162182211876,
            0.07452991604804993,
            0.06485198438167572,
            0.17107713222503662,
            0.00949766393750906,
            0.11028126627206802,
            0.03062683343887329,
            0.3525468111038208,
            1.000016212463379
          ]
        ],
        "similarity_mode": "pairwise"
      },
      "server_lr": 1.0,
      "local_accuracies": {
        "0": 0.26666666666666666,
        "1": 0.26666666666666666,
        "2": 0.275,
        "3": 0.26666666666666666,
        "4": 0.25833333333333336,
        "5": 0.26666666666666666,
        "6": 0.275,
        "7": 0.25833333333333336,
        "8": 0.25833333333333336,
        "9": 0.25833333333333336
      }
    },
    {
      "round": 2,
      "clean_accuracy": 0.38333333333333336,
      "global_loss": 1.3125768025716147,
      "acc_diff": 0.125,
      "aggregation": {
        "similarities": [
          0.3880462646484375,
          0.3739050626754761,
          0.39980772137641907,
          0.3690873384475708,
          0.3582639694213867,
          0.3238106369972229,
          0.38803064823150635,
          0.3308776617050171,
          0.1067989394068718,
          0.11136996746063232
        ],
        "euclidean_distances": [
          0.060292571783065796,
          0.06192006543278694,
          0.0600586012005806,
          0.06338448077440262,
          0.06534355878829956,
          0.06576669216156006,
          0.062152642756700516,
          0.06666211038827896,
          0.08571455627679825,
          0.08722537755966187
        ],
        "accepted_clients": [
          0,
          1,
          2,
          3,
          4,
          5,
          6,
          7,
          8,
          9
        ],
        "mean_similarity": 0.31499982103705404,
        "std_similarity": 0.10548516429042776,
        "mean_euclidean_distance": 0.06785206496715546,
        "std_euclidean_distance": 0.009549694135785103,
        "aggregated_update_norm": 0.0647348091006279,
        "defense_method": "hmp_gae",
        "trust_weights": [
          0.0,
          0.1666666716337204,
          0.1666666716337204,
          0.1666666716337204,
          0.0,
          0.1666666716337204,
          0.1666666716337204,
          0.1666666716337204,
          0.0,
          0.0
        ],
        "raw_weights": [
          80.0,
          80.0,
          80.0,
          80.0,
          80.0,
          80.0,
          80.0,
          80.0,
          80.0,
          80.0
        ],
        "residual": [
          0.6666666269302368,
          0.3333333134651184,
          0.5555555820465088,
          0.2222222089767456,
          0.6666666269302368,
          0.4444444179534912,
          0.4444444179534912,
          0.4444444179534912,
          0.6666666269302368,
          0.6666666269302368
        ],
        "hist_dev": [
          0.0019013687269762158,
          0.0018142873886972666,
          0.001893706968985498,
          0.0017944093560799956,
          0.0019333238014951348,
          0.0013125136028975248,
          0.00188088056165725,
          0.0013389206724241376,
          0.0011516767553985119,
          0.0011516767553985119
        ],
        "L_rec": 0.8317396640777588,
        "L_smooth": 4.128626187593909e-07,
        "L_hist": 1.453231135428723e-07,
        "defense_time_ms": 188.625041017076,
        "similarity_matrix": [
          [
            1.000050663948059,
            0.4805075526237488,
            0.5220341682434082,
            0.47826865315437317,
            0.4515928328037262,
            0.4024218022823334,
            0.4726758599281311,
            0.3854396343231201,
            0.18176451325416565,
            0.11771121621131897
          ],
          [
            0.4805075526237488,
            1.0000319480895996,
            0.5012357234954834,
            0.45853880047798157,
            0.4087415635585785,
            0.46157729625701904,
            0.4976159334182739,
            0.42728191614151,
            0.08698457479476929,
            0.042662132531404495
          ],
          [
            0.5220341682434082,
            0.5012357234954834,
            1.0000014305114746,
            0.5081566572189331,
            0.45345425605773926,
            0.42902493476867676,
            0.5300924181938171,
            0.4524574279785156,
            0.10652145743370056,
            0.09529256075620651
          ],
          [
            0.47826865315437317,
            0.45853880047798157,
            0.5081566572189331,
            0.999983012676239,
            0.43817606568336487,
            0.3873128890991211,
            0.4907323718070984,
            0.4386458396911621,
            0.04550038278102875,
            0.07645459473133087
          ],
          [
            0.4515928328037262,
            0.4087415635585785,
            0.45345425605773926,
            0.43817606568336487,
            1.000025749206543,
            0.3331328332424164,
            0.4578685462474823,
            0.42521923780441284,
            0.0859484001994133,
            0.17024172842502594
          ],
          [
            0.4024218022823334,
            0.46157729625701904,
            0.42902493476867676,
            0.3873128890991211,
            0.3331328332424164,
            1.0000028610229492,
            0.42665401101112366,
            0.4226265251636505,
            0.046921420842409134,
            0.004623796325176954
          ],
          [
            0.4726758599281311,
            0.4976159334182739,
            0.5300924181938171,
            0.4907323718070984,
            0.4578685462474823,
            0.42665401101112366,
            0.9999774098396301,
            0.46509790420532227,
            0.06279836595058441,
            0.08874034881591797
          ],
          [
            0.3854396343231201,
            0.42728191614151,
            0.4524574279785156,
            0.4386458396911621,
            0.42521923780441284,
            0.4226265251636505,
            0.46509790420532227,
            0.9999791979789734,
            -0.05036080256104469,
            0.011491174809634686
          ],
          [
            0.18176451325416565,
            0.08698457479476929,
            0.10652145743370056,
            0.04550038278102875,
            0.0859484001994133,
            0.046921420842409134,
            0.06279836595058441,
            -0.05036080256104469,
            1.0000078678131104,
            0.39511215686798096
          ],
          [
            0.11771121621131897,
            0.042662132531404495,
            0.09529256075620651,
            0.07645459473133087,
            0.17024172842502594,
            0.004623796325176954,
            0.08874034881591797,
            0.011491174809634686,
            0.39511215686798096,
            0.9999809265136719
          ]
        ],
        "similarity_mode": "pairwise"
      },
      "server_lr": 1.0,
      "local_accuracies": {
        "0": 0.38333333333333336,
        "1": 0.44166666666666665,
        "2": 0.45,
        "3": 0.38333333333333336,
        "4": 0.35833333333333334,
        "5": 0.39166666666666666,
        "6": 0.45,
        "7": 0.3333333333333333,
        "8": 0.25833333333333336,
        "9": 0.25833333333333336
      }
    },
    {
      "round": 3,
      "clean_accuracy": 0.65,
      "global_loss": 1.2739978790283204,
      "acc_diff": 0.26666666666666666,
      "aggregation": {
        "similarities": [
          0.32959336042404175,
          0.3087717294692993,
          0.3255579173564911,
          0.3034968972206116,
          0.30419570207595825,
          0.28816601634025574,
          0.3243879973888397,
          0.2986169159412384,
          0.037970855832099915,
          0.026296483352780342
        ],
        "euclidean_distances": [
          0.06035634130239487,
          0.06587553769350052,
          0.06500855088233948,
          0.06686951965093613,
          0.0669090747833252,
          0.06438200920820236,
          0.0652255266904831,
          0.06873928010463715,
          0.0883641466498375,
          0.09166378527879715
        ],
        "accepted_clients": [
          0,
          1,
          2,
          3,
          4,
          5,
          6,
          7,
          8,
          9
        ],
        "mean_similarity": 0.2547053875401616,
        "std_similarity": 0.1119952446810627,
        "mean_euclidean_distance": 0.0703393742442131,
        "std_euclidean_distance": 0.010077877901494503,
        "aggregated_update_norm": 0.06058946251869202,
        "defense_method": "hmp_gae",
        "trust_weights": [
          0.0,
          0.1428571492433548,
          0.1428571492433548,
          0.1428571492433548,
          0.1428571492433548,
          0.1428571492433548,
          0.1428571492433548,
          0.1428571492433548,
          0.0,
          0.0
        ],
        "raw_weights": [
          80.0,
          80.0,
          80.0,
          80.0,
          80.0,
          80.0,
          80.0,
          80.0,
          80.0,
          80.0
        ],
        "residual": [
          0.6666666269302368,
          0.5555555820465088,
          0.3333333134651184,
          0.3333333134651184,
          0.3333333134651184,
          0.1111111044883728,
          0.2222222089767456,
          0.3333333134651184,
          0.6666666269302368,
          0.6666666269302368
        ],
        "hist_dev": [
          0.0024016383104026318,
          0.0023885539267212152,
          0.0023353584110736847,
          0.002268932992592454,
          0.002235803985968232,
          0.002011096803471446,
          0.002309983829036355,
          0.001916757901199162,
          0.0019223486306145787,
          0.0019223486306145787
        ],
        "L_rec": 0.831723153591156,
        "L_smooth": 7.729223057140189e-07,
        "L_hist": 2.3232568935327436e-07,
        "defense_time_ms": 215.093832986895,
        "similarity_matrix": [
          [
            0.9999994039535522,
            0.42542287707328796,
            0.4535667896270752,
            0.39167776703834534,
            0.411569744348526,
            0.3926102817058563,
            0.4118956923484802,
            0.3823903203010559,
            0.0906805470585823,
            0.0065263197757303715
          ],
          [
            0.42542287707328796,
            0.9999709725379944,
            0.40225669741630554,
            0.374811053276062,
            0.3274887502193451,
            0.4727843105792999,
            0.4250721037387848,
            0.38738197088241577,
            0.03262244164943695,
            -0.0688946396112442
          ],
          [
            0.4535667896270752,
            0.40225669741630554,
            0.9999974370002747,
            0.4342949688434601,
            0.40298232436180115,
            0.38202354311943054,
            0.4594157934188843,
            0.416909784078598,
            -0.009868382476270199,
            -0.0115604717284441
          ],
          [
            0.39167776703834534,
            0.374811053276062,
            0.4342949688434601,
            1.0000033378601074,
            0.35245704650878906,
            0.3707444369792938,
            0.44716453552246094,
            0.3874846398830414,
            -0.025344209745526314,
            -0.0018182126805186272
          ],
          [
            0.411569744348526,
            0.3274887502193451,
            0.40298232436180115,
            0.35245704650878906,
            0.999947726726532,
            0.29281195998191833,
            0.41078001260757446,
            0.3802558481693268,
            0.05229104310274124,
            0.10712449997663498
          ],
          [
            0.3926102817058563,
            0.4727843105792999,
            0.38202354311943054,
            0.3707444369792938,
            0.29281195998191833,
            1.0000050067901611,
            0.41233864426612854,
            0.39667561650276184,
            -0.0283964853733778,
            -0.09809807687997818
          ],
          [
            0.4118956923484802,
            0.4250721037387848,
            0.4594157934188843,
            0.44716453552246094,
            0.41078001260757446,
            0.41233864426612854,
            1.0000271797180176,
            0.3946169316768646,
            -0.04395124688744545,
            0.0021594413556158543
          ],
          [
            0.3823903203010559,
            0.38738197088241577,
            0.416909784078598,
            0.3874846398830414,
            0.3802558481693268,
            0.39667561650276184,
            0.3946169316768646,
            0.9999929666519165,
            -0.0428442507982254,
            -0.01531873270869255
          ],
          [
            0.0906805470585823,
            0.03262244164943695,
            -0.009868382476270199,
            -0.025344209745526314,
            0.05229104310274124,
            -0.0283964853733778,
            -0.04395124688744545,
            -0.0428442507982254,
            1.0000509023666382,
            0.316548228263855
          ],
          [
            0.0065263197757303715,
            -0.0688946396112442,
            -0.0115604717284441,
            -0.0018182126805186272,
            0.10712449997663498,
            -0.09809807687997818,
            0.0021594413556158543,
            -0.01531873270869255,
            0.316548228263855,
            0.9999691247940063
          ]
        ],
        "similarity_mode": "pairwise"
      },
      "server_lr": 1.0,
      "local_accuracies": {
        "0": 0.55,
        "1": 0.6083333333333333,
        "2": 0.7083333333333334,
        "3": 0.6666666666666666,
        "4": 0.5583333333333333,
        "5": 0.5583333333333333,
        "6": 0.7,
        "7": 0.5083333333333333,
        "8": 0.38333333333333336,
        "9": 0.38333333333333336
      }
    }
  ],
  "progressive_metrics": {
    "rounds": [
      1,
      2,
      3
    ],
    "clean_acc": [
      0.25833333333333336,
      0.38333333333333336,
      0.65
    ],
    "acc_diff": [
      0.0,
      0.125,
      0.26666666666666666
    ],
    "agg_update_norm": [
      0.051801491528749466,
      0.0647348091006279,
      0.06058946251869202
    ]
  },
  "local_accuracies": {
    "0": [
      0.26666666666666666,
      0.38333333333333336,
      0.55
    ],
    "1": [
      0.26666666666666666,
      0.44166666666666665,
      0.6083333333333333
    ],
    "2": [
      0.275,
      0.45,
      0.7083333333333334
    ],
    "3": [
      0.26666666666666666,
      0.38333333333333336,
      0.6666666666666666
    ],
    "4": [
      0.25833333333333336,
      0.35833333333333334,
      0.5583333333333333
    ],
    "5": [
      0.26666666666666666,
      0.39166666666666666,
      0.5583333333333333
    ],
    "6": [
      0.275,
      0.45,
      0.7
    ],
    "7": [
      0.25833333333333336,
      0.3333333333333333,
      0.5083333333333333
    ],
    "8": [
      0.25833333333333336,
      0.25833333333333336,
      0.38333333333333336
    ],
    "9": [
      0.25833333333333336,
      0.25833333333333336,
      0.38333333333333336
    ]
  }
}