{
  "config": {
    "experiment_name": "v1seed_fedavg_s42",
    "seed": 42,
    "num_clients": 10,
    "num_attackers": 2,
    "num_benign_clients": null,
    "num_rounds": 3,
    "client_lr": 5e-05,
    "server_lr": 1.0,
    "batch_size": 32,
    "test_batch_size": 128,
    "local_epochs": 1,
    "grad_clip_norm": 1.0,
    "alpha": 0.0,
    "dataset": "ag_news",
    "num_labels": 4,
    "max_length": 64,
    "data_distribution": "iid",
    "dirichlet_alpha": 0.3,
    "dataset_size_limit": 800,
    "use_lora": true,
    "lora_r": 4,
    "lora_alpha": 8,
    "lora_dropout": 0.1,
    "lora_target_modules": null,
    "model_name": "distilbert-base-uncased",
    "attack_method": "Hallucination",
    "attack_start_round": 0,
    "alie_z_max": null,
    "alie_attack_start_round": null,
    "sign_flip_scale": 10.0,
    "sign_flip_attack_start_round": null,
    "gaussian_attack_start_round": null,
    "gaussian_std_scale": 5.0,
    "hallu_flip_ratio": 1.0,
    "hallu_flip_mode": "pairwise",
    "hallu_flip_map": {
      "0": 1,
      "1": 0,
      "2": 3,
      "3": 2
    },
    "hallu_target_class": null,
    "hallu_attack_start_round": 0,
    "dim_reduction_size": 1000,
    "vgae_epochs": 20,
    "vgae_lr": 0.01,
    "vgae_hidden_dim": 64,
    "vgae_latent_dim": 32,
    "vgae_dropout": 0,
    "vgae_kl_weight": 0.1,
    "graph_threshold": 0.5,
    "proxy_step": 0.001,
    "proxy_steps": 200,
    "attacker_proxy_grad_clip_norm": 1.0,
    "attacker_claimed_data_size": null,
    "early_stop_constraint_stability_steps": 1,
    "dist_bound": null,
    "sim_bound_low": null,
    "sim_bound_up": null,
    "server_similarity_mode": "pairwise",
    "use_lagrangian_dual": false,
    "lambda_dist_init": 0.1,
    "lambda_dist_lr": 0.001,
    "use_cosine_similarity_constraint": true,
    "use_pairwise_similarity_in_constraint": true,
    "lambda_sim_low_init": 0.1,
    "lambda_sim_up_init": 0.1,
    "lambda_sim_low_lr": 0.001,
    "lambda_sim_up_lr": 0.001,
    "use_augmented_lagrangian": true,
    "lambda_update_mode": "alm",
    "rho_dist_init": 1.0,
    "rho_sim_low_init": 1.0,
    "rho_sim_up_init": 1.0,
    "rho_adaptive": true,
    "rho_theta": 0.5,
    "rho_increase_factor": 2.0,
    "rho_min": 0.0001,
    "rho_max": 10000.0,
    "attacker_use_proxy_data": true,
    "proxy_sample_size": 128,
    "proxy_max_batches_opt": 1,
    "proxy_max_batches_eval": 1,
    "defense_method": "fedavg",
    "defense_config": {
      "proj_dim": 32,
      "eta_dim": 32,
      "hidden_dim": 32,
      "latent_dim": 16,
      "num_hmp_layers": 2,
      "knn_k": 3,
      "train_steps_per_round": 5,
      "train_lr": 0.001,
      "lambda_H": 1.0,
      "lambda_A": 1.0,
      "lambda_hist": 0.5,
      "graph_weight": 1.0,
      "residual_weight_alpha": 0.3,
      "hist_weight_beta": 0.0,
      "softmax_tau": 0.1,
      "hist_ema_beta": 0.9,
      "device": "cpu",
      "random_proj_seed": 42,
      "cold_start_fallback": true,
      "trust_mode": "reject_then_fedavg",
      "reject_z_threshold": 1.0,
      "keep_min": 1
    },
    "save_global_checkpoint": false,
    "global_checkpoint_subdir": "global_checkpoint",
    "run_downstream_after_fl": false,
    "downstream_probes": "data/ag_news_business_30.json",
    "downstream_output": null,
    "downstream_device": null,
    "downstream_cli_args": [
      "--stable"
    ]
  },
  "results": [
    {
      "round": 1,
      "clean_accuracy": 0.30833333333333335,
      "global_loss": 1.353597640991211,
      "acc_diff": 0.10833333333333334,
      "aggregation": {
        "similarities": [
          0.3126014769077301,
          0.3359145522117615,
          0.33645832538604736,
          0.3130679428577423,
          0.23425057530403137,
          0.31639906764030457,
          0.3288985788822174,
          0.3261054754257202,
          0.04170122742652893,
          0.10997647792100906
        ],
        "euclidean_distances": [
          0.06195174902677536,
          0.06266021728515625,
          0.06183590739965439,
          0.06514052301645279,
          0.06914599984884262,
          0.06385229527950287,
          0.0644247755408287,
          0.06008920446038246,
          0.08557596057653427,
          0.07884623110294342
        ],
        "accepted_clients": [
          0,
          1,
          2,
          3,
          4,
          5,
          6,
          7,
          8,
          9
        ],
        "mean_similarity": 0.2655373699963093,
        "std_similarity": 0.10000381945996159,
        "mean_euclidean_distance": 0.0673522800207138,
        "std_euclidean_distance": 0.007921532727777958,
        "aggregated_update_norm": 0.04882962256669998,
        "defense_method": "fedavg",
        "trust_weights": [
          0.10000000149011612,
          0.10000000149011612,
          0.10000000149011612,
          0.10000000149011612,
          0.10000000149011612,
          0.10000000149011612,
          0.10000000149011612,
          0.10000000149011612,
          0.10000000149011612,
          0.10000000149011612
        ],
        "raw_weights": [
          80.0,
          80.0,
          80.0,
          80.0,
          80.0,
          80.0,
          80.0,
          80.0,
          80.0,
          80.0
        ],
        "similarity_matrix": [
          [
            1.0000027418136597,
            0.39323049783706665,
            0.3939628601074219,
            0.3886413872241974,
            0.3757811486721039,
            0.4084773063659668,
            0.39205679297447205,
            0.3838265538215637,
            0.018563328310847282,
            0.05887344107031822
          ],
          [
            0.39323049783706665,
            1.000022292137146,
            0.500349760055542,
            0.4807959794998169,
            0.2673371732234955,
            0.3899441361427307,
            0.4125882685184479,
            0.4469756782054901,
            0.0044964635744690895,
            0.12751302123069763
          ],
          [
            0.3939628601074219,
            0.500349760055542,
            0.9999763369560242,
            0.5170823931694031,
            0.3013855516910553,
            0.3854893743991852,
            0.413912832736969,
            0.4161779582500458,
            -0.007252965122461319,
            0.10701723396778107
          ],
          [
            0.3886413872241974,
            0.4807959794998169,
            0.5170823931694031,
            0.9999748468399048,
            0.28672903776168823,
            0.35910892486572266,
            0.38627317547798157,
            0.35536056756973267,
            -0.04829367995262146,
            0.09191358834505081
          ],
          [
            0.3757811486721039,
            0.2673371732234955,
            0.3013855516910553,
            0.28672903776168823,
            0.9999726414680481,
            0.3742832839488983,
            0.3632267415523529,
            0.26688408851623535,
            -0.05392464995384216,
            -0.07344719022512436
          ],
          [
            0.4084773063659668,
            0.3899441361427307,
            0.3854893743991852,
            0.35910892486572266,
            0.3742832839488983,
            1.0000025033950806,
            0.4306282699108124,
            0.4120761752128601,
            0.022260690107941628,
            0.06532368063926697
          ],
          [
            0.39205679297447205,
            0.4125882685184479,
            0.413912832736969,
            0.38627317547798157,
            0.3632267415523529,
            0.4306282699108124,
            0.9999678134918213,
            0.45360133051872253,
            0.0033809486776590347,
            0.10441885888576508
          ],
          [
            0.3838265538215637,
            0.4469756782054901,
            0.4161779582500458,
            0.35536056756973267,
            0.26688408851623535,
            0.4120761752128601,
            0.45360133051872253,
            0.9999989867210388,
            0.06397613137960434,
            0.13607089221477509
          ],
          [
            0.018563328310847282,
            0.0044964635744690895,
            -0.007252965122461319,
            -0.04829367995262146,
            -0.05392464995384216,
            0.022260690107941628,
            0.0033809486776590347,
            0.06397613137960434,
            1.000028371810913,
            0.37210479378700256
          ],
          [
            0.05887344107031822,
            0.12751302123069763,
            0.10701723396778107,
            0.09191358834505081,
            -0.07344719022512436,
            0.06532368063926697,
            0.10441885888576508,
            0.13607089221477509,
            0.37210479378700256,
            0.9999892115592957
          ]
        ],
        "similarity_mode": "pairwise"
      },
      "server_lr": 1.0,
      "local_accuracies": {
        "0": 0.2833333333333333,
        "1": 0.45,
        "2": 0.4166666666666667,
        "3": 0.45,
        "4": 0.19166666666666668,
        "5": 0.325,
        "6": 0.4166666666666667,
        "7": 0.4166666666666667,
        "8": 0.20833333333333334,
        "9": 0.3
      }
    },
    {
      "round": 2,
      "clean_accuracy": 0.475,
      "global_loss": 1.3169055938720704,
      "acc_diff": 0.16666666666666663,
      "aggregation": {
        "similarities": [
          0.30961090326309204,
          0.2903324365615845,
          0.31906765699386597,
          0.3157486021518707,
          0.2605629861354828,
          0.28169530630111694,
          0.32892292737960815,
          0.3093913197517395,
          0.010349237360060215,
          0.045523643493652344
        ],
        "euclidean_distances": [
          0.06322328001260757,
          0.06570469588041306,
          0.06475510448217392,
          0.06512221693992615,
          0.07096268236637115,
          0.06883296370506287,
          0.06177410110831261,
          0.06503447145223618,
          0.0917089655995369,
          0.08846060931682587
        ],
        "accepted_clients": [
          0,
          1,
          2,
          3,
          4,
          5,
          6,
          7,
          8,
          9
        ],
        "mean_similarity": 0.24712050193920732,
        "std_similarity": 0.11149254007027475,
        "mean_euclidean_distance": 0.07055790722370148,
        "std_euclidean_distance": 0.010095774196088314,
        "aggregated_update_norm": 0.04902943968772888,
        "defense_method": "fedavg",
        "trust_weights": [
          0.10000000149011612,
          0.10000000149011612,
          0.10000000149011612,
          0.10000000149011612,
          0.10000000149011612,
          0.10000000149011612,
          0.10000000149011612,
          0.10000000149011612,
          0.10000000149011612,
          0.10000000149011612
        ],
        "raw_weights": [
          80.0,
          80.0,
          80.0,
          80.0,
          80.0,
          80.0,
          80.0,
          80.0,
          80.0,
          80.0
        ],
        "similarity_matrix": [
          [
            1.000034213066101,
            0.3633313477039337,
            0.4359195828437805,
            0.4773542284965515,
            0.39183664321899414,
            0.35441750288009644,
            0.4130413234233856,
            0.3979188799858093,
            -0.04567919299006462,
            -0.0016422966727986932
          ],
          [
            0.3633313477039337,
            1.000001072883606,
            0.4311601221561432,
            0.4214229881763458,
            0.2711159884929657,
            0.3100205361843109,
            0.3950708508491516,
            0.3895799517631531,
            -0.03471120446920395,
            0.06600113958120346
          ],
          [
            0.4359195828437805,
            0.4311601221561432,
            1.000025749206543,
            0.5377812385559082,
            0.3210785686969757,
            0.32246702909469604,
            0.455278217792511,
            0.39875030517578125,
            -0.05047033354640007,
            0.01964421384036541
          ],
          [
            0.4773542284965515,
            0.4214229881763458,
            0.5377812385559082,
            0.9999968409538269,
            0.3155519664287567,
            0.289821982383728,
            0.4506152272224426,
            0.3940097987651825,
            -0.08329746127128601,
            0.03847731649875641
          ],
          [
            0.39183664321899414,
            0.2711159884929657,
            0.3210785686969757,
            0.3155519664287567,
            1.0000061988830566,
            0.3801915943622589,
            0.39970850944519043,
            0.37926700711250305,
            -0.02846093848347664,
            -0.08522245287895203
          ],
          [
            0.35441750288009644,
            0.3100205361843109,
            0.32246702909469604,
            0.289821982383728,
            0.3801915943622589,
            0.9999889135360718,
            0.3868846297264099,
            0.38871660828590393,
            0.06944934278726578,
            0.03328879550099373
          ],
          [
            0.4130413234233856,
            0.3950708508491516,
            0.455278217792511,
            0.4506152272224426,
            0.39970850944519043,
            0.3868846297264099,
            1.000006079673767,
            0.4527902603149414,
            -0.01527221966534853,
            0.022189674898982048
          ],
          [
            0.3979188799858093,
            0.3895799517631531,
            0.39875030517578125,
            0.3940097987651825,
            0.37926700711250305,
            0.38871660828590393,
            0.4527902603149414,
            0.9999934434890747,
            -0.02595113031566143,
            0.009440120309591293
          ],
          [
            -0.04567919299006462,
            -0.03471120446920395,
            -0.05047033354640007,
            -0.08329746127128601,
            -0.02846093848347664,
            0.06944934278726578,
            -0.01527221966534853,
            -0.02595113031566143,
            1.0000346899032593,
            0.3075362741947174
          ],
          [
            -0.0016422966727986932,
            0.06600113958120346,
            0.01964421384036541,
            0.03847731649875641,
            -0.08522245287895203,
            0.03328879550099373,
            0.022189674898982048,
            0.009440120309591293,
            0.3075362741947174,
            0.9999857544898987
          ]
        ],
        "similarity_mode": "pairwise"
      },
      "server_lr": 1.0,
      "local_accuracies": {
        "0": 0.4666666666666667,
        "1": 0.6,
        "2": 0.575,
        "3": 0.5,
        "4": 0.275,
        "5": 0.4166666666666667,
        "6": 0.6166666666666667,
        "7": 0.5416666666666666,
        "8": 0.2833333333333333,
        "9": 0.44166666666666665
      }
    },
    {
      "round": 3,
      "clean_accuracy": 0.6416666666666667,
      "global_loss": 1.2822610219319661,
      "acc_diff": 0.16666666666666674,
      "aggregation": {
        "similarities": [
          0.2811647653579712,
          0.3008958697319031,
          0.31627511978149414,
          0.2904279828071594,
          0.3006402254104614,
          0.31995245814323425,
          0.32491570711135864,
          0.3186928331851959,
          0.007323902565985918,
          0.03698091208934784
        ],
        "euclidean_distances": [
          0.06841833889484406,
          0.0671890377998352,
          0.06467024981975555,
          0.06894999742507935,
          0.06723681092262268,
          0.06458422541618347,
          0.06377066671848297,
          0.06530658155679703,
          0.0914359837770462,
          0.09038392454385757
        ],
        "accepted_clients": [
          0,
          1,
          2,
          3,
          4,
          5,
          6,
          7,
          8,
          9
        ],
        "mean_similarity": 0.24972697761841117,
        "std_similarity": 0.11473681512586956,
        "mean_euclidean_distance": 0.07119458168745041,
        "std_euclidean_distance": 0.009992226958274841,
        "aggregated_update_norm": 0.04989859089255333,
        "defense_method": "fedavg",
        "trust_weights": [
          0.10000000149011612,
          0.10000000149011612,
          0.10000000149011612,
          0.10000000149011612,
          0.10000000149011612,
          0.10000000149011612,
          0.10000000149011612,
          0.10000000149011612,
          0.10000000149011612,
          0.10000000149011612
        ],
        "raw_weights": [
          80.0,
          80.0,
          80.0,
          80.0,
          80.0,
          80.0,
          80.0,
          80.0,
          80.0,
          80.0
        ],
        "similarity_matrix": [
          [
            0.9999968409538269,
            0.3609689176082611,
            0.4163711667060852,
            0.443174809217453,
            0.40229278802871704,
            0.3614835739135742,
            0.33359310030937195,
            0.33550575375556946,
            -0.07543862611055374,
            -0.047468431293964386
          ],
          [
            0.3609689176082611,
            0.9999954104423523,
            0.4689733684062958,
            0.40398815274238586,
            0.32670414447784424,
            0.3649662137031555,
            0.4053174555301666,
            0.3978005051612854,
            -0.07783371955156326,
            0.05717770382761955
          ],
          [
            0.4163711667060852,
            0.4689733684062958,
            0.9999714493751526,
            0.4759030342102051,
            0.3778892159461975,
            0.38418468832969666,
            0.3986923098564148,
            0.3880654573440552,
            -0.06277599185705185,
            -0.0008271725964732468
          ],
          [
            0.443174809217453,
            0.40398815274238586,
            0.4759030342102051,
            0.9999503493309021,
            0.36223888397216797,
            0.3302415609359741,
            0.35964304208755493,
            0.3357454538345337,
            -0.08247318118810654,
            -0.01461008656769991
          ],
          [
            0.40229278802871704,
            0.32670414447784424,
            0.3778892159461975,
            0.36223888397216797,
            1.0000020265579224,
            0.4488162398338318,
            0.4319232106208801,
            0.4374702274799347,
            -0.005952965468168259,
            -0.07561936229467392
          ],
          [
            0.3614835739135742,
            0.3649662137031555,
            0.38418468832969666,
            0.3302415609359741,
            0.4488162398338318,
            0.9999698400497437,
            0.4540502727031708,
            0.4478655159473419,
            0.04526519030332565,
            0.04269906133413315
          ],
          [
            0.33359310030937195,
            0.4053174555301666,
            0.3986923098564148,
            0.35964304208755493,
            0.4319232106208801,
            0.4540502727031708,
            1.0000404119491577,
            0.4765429198741913,
            -0.0030785377603024244,
            0.06755750626325607
          ],
          [
            0.33550575375556946,
            0.3978005051612854,
            0.3880654573440552,
            0.3357454538345337,
            0.4374702274799347,
            0.4478655159473419,
            0.4765429198741913,
            1.0000001192092896,
            0.036761753261089325,
            0.012477759271860123
          ],
          [
            -0.07543862611055374,
            -0.07783371955156326,
            -0.06277599185705185,
            -0.08247318118810654,
            -0.005952965468168259,
            0.04526519030332565,
            -0.0030785377603024244,
            0.036761753261089325,
            1.0000441074371338,
            0.2914412021636963
          ],
          [
            -0.047468431293964386,
            0.05717770382761955,
            -0.0008271725964732468,
            -0.01461008656769991,
            -0.07561936229467392,
            0.04269906133413315,
            0.06755750626325607,
            0.012477759271860123,
            0.2914412021636963,
            0.9999815225601196
          ]
        ],
        "similarity_mode": "pairwise"
      },
      "server_lr": 1.0,
      "local_accuracies": {
        "0": 0.5166666666666667,
        "1": 0.65,
        "2": 0.625,
        "3": 0.55,
        "4": 0.525,
        "5": 0.5416666666666666,
        "6": 0.6083333333333333,
        "7": 0.625,
        "8": 0.39166666666666666,
        "9": 0.44166666666666665
      }
    }
  ],
  "progressive_metrics": {
    "rounds": [
      1,
      2,
      3
    ],
    "clean_acc": [
      0.30833333333333335,
      0.475,
      0.6416666666666667
    ],
    "acc_diff": [
      0.10833333333333334,
      0.16666666666666663,
      0.16666666666666674
    ],
    "agg_update_norm": [
      0.04882962256669998,
      0.04902943968772888,
      0.04989859089255333
    ]
  },
  "local_accuracies": {
    "0": [
      0.2833333333333333,
      0.4666666666666667,
      0.5166666666666667
    ],
    "1": [
      0.45,
      0.6,
      0.65
    ],
    "2": [
      0.4166666666666667,
      0.575,
      0.625
    ],
    "3": [
      0.45,
      0.5,
      0.55
    ],
    "4": [
      0.19166666666666668,
      0.275,
      0.525
    ],
    "5": [
      0.325,
      0.4166666666666667,
      0.5416666666666666
    ],
    "6": [
      0.4166666666666667,
      0.6166666666666667,
      0.6083333333333333
    ],
    "7": [
      0.4166666666666667,
      0.5416666666666666,
      0.625
    ],
    "8": [
      0.20833333333333334,
      0.2833333333333333,
      0.39166666666666666
    ],
    "9": [
      0.3,
      0.44166666666666665,
      0.44166666666666665
    ]
  }
}