{
  "config": {
    "experiment_name": "v1seed_fedavg_s7777",
    "seed": 7777,
    "num_clients": 10,
    "num_attackers": 2,
    "num_benign_clients": null,
    "num_rounds": 3,
    "client_lr": 5e-05,
    "server_lr": 1.0,
    "batch_size": 32,
    "test_batch_size": 128,
    "local_epochs": 1,
    "grad_clip_norm": 1.0,
    "alpha": 0.0,
    "dataset": "ag_news",
    "num_labels": 4,
    "max_length": 64,
    "data_distribution": "iid",
    "dirichlet_alpha": 0.3,
    "dataset_size_limit": 800,
    "use_lora": true,
    "lora_r": 4,
    "lora_alpha": 8,
    "lora_dropout": 0.1,
    "lora_target_modules": null,
    "model_name": "distilbert-base-uncased",
    "attack_method": "Hallucination",
    "attack_start_round": 0,
    "alie_z_max": null,
    "alie_attack_start_round": null,
    "sign_flip_scale": 10.0,
    "sign_flip_attack_start_round": null,
    "gaussian_attack_start_round": null,
    "gaussian_std_scale": 5.0,
    "hallu_flip_ratio": 1.0,
    "hallu_flip_mode": "pairwise",
    "hallu_flip_map": {
      "0": 1,
      "1": 0,
      "2": 3,
      "3": 2
    },
    "hallu_target_class": null,
    "hallu_attack_start_round": 0,
    "dim_reduction_size": 1000,
    "vgae_epochs": 20,
    "vgae_lr": 0.01,
    "vgae_hidden_dim": 64,
    "vgae_latent_dim": 32,
    "vgae_dropout": 0,
    "vgae_kl_weight": 0.1,
    "graph_threshold": 0.5,
    "proxy_step": 0.001,
    "proxy_steps": 200,
    "attacker_proxy_grad_clip_norm": 1.0,
    "attacker_claimed_data_size": null,
    "early_stop_constraint_stability_steps": 1,
    "dist_bound": null,
    "sim_bound_low": null,
    "sim_bound_up": null,
    "server_similarity_mode": "pairwise",
    "use_lagrangian_dual": false,
    "lambda_dist_init": 0.1,
    "lambda_dist_lr": 0.001,
    "use_cosine_similarity_constraint": true,
    "use_pairwise_similarity_in_constraint": true,
    "lambda_sim_low_init": 0.1,
    "lambda_sim_up_init": 0.1,
    "lambda_sim_low_lr": 0.001,
    "lambda_sim_up_lr": 0.001,
    "use_augmented_lagrangian": true,
    "lambda_update_mode": "alm",
    "rho_dist_init": 1.0,
    "rho_sim_low_init": 1.0,
    "rho_sim_up_init": 1.0,
    "rho_adaptive": true,
    "rho_theta": 0.5,
    "rho_increase_factor": 2.0,
    "rho_min": 0.0001,
    "rho_max": 10000.0,
    "attacker_use_proxy_data": true,
    "proxy_sample_size": 128,
    "proxy_max_batches_opt": 1,
    "proxy_max_batches_eval": 1,
    "defense_method": "fedavg",
    "defense_config": {
      "proj_dim": 32,
      "eta_dim": 32,
      "hidden_dim": 32,
      "latent_dim": 16,
      "num_hmp_layers": 2,
      "knn_k": 3,
      "train_steps_per_round": 5,
      "train_lr": 0.001,
      "lambda_H": 1.0,
      "lambda_A": 1.0,
      "lambda_hist": 0.5,
      "graph_weight": 1.0,
      "residual_weight_alpha": 0.3,
      "hist_weight_beta": 0.0,
      "softmax_tau": 0.1,
      "hist_ema_beta": 0.9,
      "device": "cpu",
      "random_proj_seed": 42,
      "cold_start_fallback": true,
      "trust_mode": "reject_then_fedavg",
      "reject_z_threshold": 1.0,
      "keep_min": 1
    },
    "save_global_checkpoint": false,
    "global_checkpoint_subdir": "global_checkpoint",
    "run_downstream_after_fl": false,
    "downstream_probes": "data/ag_news_business_30.json",
    "downstream_output": null,
    "downstream_device": null,
    "downstream_cli_args": [
      "--stable"
    ]
  },
  "results": [
    {
      "round": 1,
      "clean_accuracy": 0.3,
      "global_loss": 1.3593185424804688,
      "acc_diff": 0.14166666666666666,
      "aggregation": {
        "similarities": [
          0.28936564922332764,
          0.28315261006355286,
          0.257842093706131,
          0.26542580127716064,
          0.2833862602710724,
          0.25057899951934814,
          0.28800007700920105,
          0.257722944021225,
          -0.0013433926505967975,
          -0.023073961958289146
        ],
        "euclidean_distances": [
          0.06519065797328949,
          0.064686119556427,
          0.06393197178840637,
          0.06440761685371399,
          0.065282441675663,
          0.06622397154569626,
          0.06490398943424225,
          0.06492012739181519,
          0.0881110355257988,
          0.09039000421762466
        ],
        "accepted_clients": [
          0,
          1,
          2,
          3,
          4,
          5,
          6,
          7,
          8,
          9
        ],
        "mean_similarity": 0.21510570804821327,
        "std_similarity": 0.11451358199989797,
        "mean_euclidean_distance": 0.06980480253696442,
        "std_euclidean_distance": 0.009752598591148853,
        "aggregated_update_norm": 0.04532593861222267,
        "defense_method": "fedavg",
        "trust_weights": [
          0.10000000149011612,
          0.10000000149011612,
          0.10000000149011612,
          0.10000000149011612,
          0.10000000149011612,
          0.10000000149011612,
          0.10000000149011612,
          0.10000000149011612,
          0.10000000149011612,
          0.10000000149011612
        ],
        "raw_weights": [
          80.0,
          80.0,
          80.0,
          80.0,
          80.0,
          80.0,
          80.0,
          80.0,
          80.0,
          80.0
        ],
        "similarity_matrix": [
          [
            0.9999970197677612,
            0.39657726883888245,
            0.3289291560649872,
            0.34564757347106934,
            0.43477627635002136,
            0.4005272686481476,
            0.41126784682273865,
            0.36903873085975647,
            -0.0435950867831707,
            -0.03887825086712837
          ],
          [
            0.39657726883888245,
            0.9999948740005493,
            0.32708847522735596,
            0.3668122887611389,
            0.4458131790161133,
            0.2836247384548187,
            0.4244733154773712,
            0.3314605951309204,
            -0.016063092276453972,
            -0.011413287371397018
          ],
          [
            0.3289291560649872,
            0.32708847522735596,
            1.000024437904358,
            0.3500877618789673,
            0.3172108829021454,
            0.36002057790756226,
            0.36115702986717224,
            0.33796536922454834,
            0.014739427715539932,
            -0.07661985605955124
          ],
          [
            0.34564757347106934,
            0.3668122887611389,
            0.3500877618789673,
            1.0000009536743164,
            0.3808240294456482,
            0.3348396122455597,
            0.39680925011634827,
            0.39811229705810547,
            -0.08359450101852417,
            -0.10070575773715973
          ],
          [
            0.43477627635002136,
            0.4458131790161133,
            0.3172108829021454,
            0.3808240294456482,
            1.000044822692871,
            0.2752475142478943,
            0.4336088001728058,
            0.35351431369781494,
            -0.0830940306186676,
            -0.00742466701194644
          ],
          [
            0.4005272686481476,
            0.2836247384548187,
            0.36002057790756226,
            0.3348396122455597,
            0.2752475142478943,
            1.000019907951355,
            0.31978750228881836,
            0.3524073660373688,
            0.02304108813405037,
            -0.09428487718105316
          ],
          [
            0.41126784682273865,
            0.4244733154773712,
            0.36115702986717224,
            0.39680925011634827,
            0.4336088001728058,
            0.31978750228881836,
            0.9999784231185913,
            0.37426266074180603,
            -0.06342153996229172,
            -0.06594406068325043
          ],
          [
            0.36903873085975647,
            0.3314605951309204,
            0.33796536922454834,
            0.39811229705810547,
            0.35351431369781494,
            0.3524073660373688,
            0.37426266074180603,
            0.9999922513961792,
            -0.07248135656118393,
            -0.12477344274520874
          ],
          [
            -0.0435950867831707,
            -0.016063092276453972,
            0.014739427715539932,
            -0.08359450101852417,
            -0.0830940306186676,
            0.02304108813405037,
            -0.06342153996229172,
            -0.07248135656118393,
            1.0000015497207642,
            0.31237855553627014
          ],
          [
            -0.03887825086712837,
            -0.011413287371397018,
            -0.07661985605955124,
            -0.10070575773715973,
            -0.00742466701194644,
            -0.09428487718105316,
            -0.06594406068325043,
            -0.12477344274520874,
            0.31237855553627014,
            1.0000170469284058
          ]
        ],
        "similarity_mode": "pairwise"
      },
      "server_lr": 1.0,
      "local_accuracies": {
        "0": 0.36666666666666664,
        "1": 0.36666666666666664,
        "2": 0.26666666666666666,
        "3": 0.325,
        "4": 0.3333333333333333,
        "5": 0.3333333333333333,
        "6": 0.3333333333333333,
        "7": 0.3333333333333333,
        "8": 0.25,
        "9": 0.23333333333333334
      }
    },
    {
      "round": 2,
      "clean_accuracy": 0.43333333333333335,
      "global_loss": 1.3310015360514322,
      "acc_diff": 0.13333333333333336,
      "aggregation": {
        "similarities": [
          0.2921852171421051,
          0.30963099002838135,
          0.29009586572647095,
          0.290803998708725,
          0.2866257429122925,
          0.2504488527774811,
          0.2816446125507355,
          0.2609018385410309,
          -0.010996752418577671,
          -0.02400149218738079
        ],
        "euclidean_distances": [
          0.06492991000413895,
          0.06525161117315292,
          0.0648295059800148,
          0.06558992713689804,
          0.06860039383172989,
          0.07109301537275314,
          0.06437060236930847,
          0.06604929268360138,
          0.08921194076538086,
          0.09188594669103622
        ],
        "accepted_clients": [
          0,
          1,
          2,
          3,
          4,
          5,
          6,
          7,
          8,
          9
        ],
        "mean_similarity": 0.22273388737812638,
        "std_similarity": 0.12117412425707522,
        "mean_euclidean_distance": 0.07118121534585953,
        "std_euclidean_distance": 0.009894585236907005,
        "aggregated_update_norm": 0.04728979989886284,
        "defense_method": "fedavg",
        "trust_weights": [
          0.10000000149011612,
          0.10000000149011612,
          0.10000000149011612,
          0.10000000149011612,
          0.10000000149011612,
          0.10000000149011612,
          0.10000000149011612,
          0.10000000149011612,
          0.10000000149011612,
          0.10000000149011612
        ],
        "raw_weights": [
          80.0,
          80.0,
          80.0,
          80.0,
          80.0,
          80.0,
          80.0,
          80.0,
          80.0,
          80.0
        ],
        "similarity_matrix": [
          [
            0.9999776482582092,
            0.44206029176712036,
            0.3696931302547455,
            0.3537270426750183,
            0.41631147265434265,
            0.3752821981906891,
            0.3869248926639557,
            0.38686245679855347,
            -0.05834377184510231,
            -0.04285081848502159
          ],
          [
            0.44206029176712036,
            1.000003457069397,
            0.43290048837661743,
            0.400004118680954,
            0.4658217132091522,
            0.31543847918510437,
            0.4334193170070648,
            0.3491370677947998,
            -0.02874901331961155,
            -0.023353276774287224
          ],
          [
            0.3696931302547455,
            0.43290048837661743,
            1.0000182390213013,
            0.43160349130630493,
            0.3797725737094879,
            0.3504897356033325,
            0.37352144718170166,
            0.3023318946361542,
            0.035680681467056274,
            -0.06513063609600067
          ],
          [
            0.3537270426750183,
            0.400004118680954,
            0.43160349130630493,
            1.0000088214874268,
            0.3639410138130188,
            0.39139842987060547,
            0.3909544050693512,
            0.38556361198425293,
            -0.018005048856139183,
            -0.08195104449987411
          ],
          [
            0.41631147265434265,
            0.4658217132091522,
            0.3797725737094879,
            0.3639410138130188,
            1.0000056028366089,
            0.28828760981559753,
            0.43202129006385803,
            0.369411826133728,
            -0.09380549937486649,
            -0.04213038086891174
          ],
          [
            0.3752821981906891,
            0.31543847918510437,
            0.3504897356033325,
            0.39139842987060547,
            0.28828760981559753,
            1.000004529953003,
            0.2808759808540344,
            0.3668522834777832,
            -0.032741397619247437,
            -0.08184341341257095
          ],
          [
            0.3869248926639557,
            0.4334193170070648,
            0.37352144718170166,
            0.3909544050693512,
            0.43202129006385803,
            0.2808759808540344,
            0.9999868273735046,
            0.41298380494117737,
            -0.09083632379770279,
            -0.08506351709365845
          ],
          [
            0.38686245679855347,
            0.3491370677947998,
            0.3023318946361542,
            0.38556361198425293,
            0.369411826133728,
            0.3668522834777832,
            0.41298380494117737,
            0.9999951720237732,
            -0.12175317108631134,
            -0.10327313095331192
          ],
          [
            -0.05834377184510231,
            -0.02874901331961155,
            0.035680681467056274,
            -0.018005048856139183,
            -0.09380549937486649,
            -0.032741397619247437,
            -0.09083632379770279,
            -0.12175317108631134,
            0.999987006187439,
            0.30958276987075806
          ],
          [
            -0.04285081848502159,
            -0.023353276774287224,
            -0.06513063609600067,
            -0.08195104449987411,
            -0.04213038086891174,
            -0.08184341341257095,
            -0.08506351709365845,
            -0.10327313095331192,
            0.30958276987075806,
            1.0000183582305908
          ]
        ],
        "similarity_mode": "pairwise"
      },
      "server_lr": 1.0,
      "local_accuracies": {
        "0": 0.44166666666666665,
        "1": 0.4666666666666667,
        "2": 0.425,
        "3": 0.45,
        "4": 0.4,
        "5": 0.48333333333333334,
        "6": 0.425,
        "7": 0.39166666666666666,
        "8": 0.24166666666666667,
        "9": 0.3333333333333333
      }
    },
    {
      "round": 3,
      "clean_accuracy": 0.5416666666666666,
      "global_loss": 1.3035628000895183,
      "acc_diff": 0.10833333333333328,
      "aggregation": {
        "similarities": [
          0.301626980304718,
          0.3037640154361725,
          0.2999330759048462,
          0.30154573917388916,
          0.2862049341201782,
          0.25106388330459595,
          0.2953369617462158,
          0.2737329602241516,
          -0.013792186975479126,
          -0.00867376383394003
        ],
        "euclidean_distances": [
          0.0630379244685173,
          0.06410392373800278,
          0.06485319882631302,
          0.06658385694026947,
          0.06616906821727753,
          0.06840618699789047,
          0.06783626973628998,
          0.06842224299907684,
          0.09188447892665863,
          0.09033191949129105
        ],
        "accepted_clients": [
          0,
          1,
          2,
          3,
          4,
          5,
          6,
          7,
          8,
          9
        ],
        "mean_similarity": 0.22907425994053482,
        "std_similarity": 0.12114304783444148,
        "mean_euclidean_distance": 0.07116290181875229,
        "std_euclidean_distance": 0.010122128762304783,
        "aggregated_update_norm": 0.04786863550543785,
        "defense_method": "fedavg",
        "trust_weights": [
          0.10000000149011612,
          0.10000000149011612,
          0.10000000149011612,
          0.10000000149011612,
          0.10000000149011612,
          0.10000000149011612,
          0.10000000149011612,
          0.10000000149011612,
          0.10000000149011612,
          0.10000000149011612
        ],
        "raw_weights": [
          80.0,
          80.0,
          80.0,
          80.0,
          80.0,
          80.0,
          80.0,
          80.0,
          80.0,
          80.0
        ],
        "similarity_matrix": [
          [
            1.0000213384628296,
            0.44003963470458984,
            0.41418492794036865,
            0.39018216729164124,
            0.4373965561389923,
            0.33378881216049194,
            0.3964989185333252,
            0.3580264747142792,
            -0.041463736444711685,
            -0.014010990038514137
          ],
          [
            0.44003963470458984,
            1.000016689300537,
            0.3989834189414978,
            0.40453237295150757,
            0.4548727571964264,
            0.2941972017288208,
            0.4342150092124939,
            0.34816983342170715,
            -0.06388760358095169,
            0.022753670811653137
          ],
          [
            0.41418492794036865,
            0.3989834189414978,
            1.0000200271606445,
            0.4047337770462036,
            0.362307071685791,
            0.4244868755340576,
            0.38200822472572327,
            0.3536125123500824,
            0.005307597108185291,
            -0.046226970851421356
          ],
          [
            0.39018216729164124,
            0.40453237295150757,
            0.4047337770462036,
            1.0000030994415283,
            0.38371703028678894,
            0.40103819966316223,
            0.4306272864341736,
            0.45601415634155273,
            -0.07072266936302185,
            -0.0862104520201683
          ],
          [
            0.4373965561389923,
            0.4548727571964264,
            0.362307071685791,
            0.38371703028678894,
            1.0000358819961548,
            0.26373276114463806,
            0.4296199381351471,
            0.37923941016197205,
            -0.10190127044916153,
            -0.03313994035124779
          ],
          [
            0.33378881216049194,
            0.2941972017288208,
            0.4244868755340576,
            0.40103819966316223,
            0.26373276114463806,
            1.0000085830688477,
            0.3292796015739441,
            0.3228369951248169,
            -0.0008898518281057477,
            -0.10889561474323273
          ],
          [
            0.3964989185333252,
            0.4342150092124939,
            0.38200822472572327,
            0.4306272864341736,
            0.4296199381351471,
            0.3292796015739441,
            1.0000194311141968,
            0.41701894998550415,
            -0.1027674749493599,
            -0.05846777558326721
          ],
          [
            0.3580264747142792,
            0.34816983342170715,
            0.3536125123500824,
            0.45601415634155273,
            0.37923941016197205,
            0.3228369951248169,
            0.41701894998550415,
            0.9999818205833435,
            -0.08263036608695984,
            -0.08869146555662155
          ],
          [
            -0.041463736444711685,
            -0.06388760358095169,
            0.005307597108185291,
            -0.07072266936302185,
            -0.10190127044916153,
            -0.0008898518281057477,
            -0.1027674749493599,
            -0.08263036608695984,
            1.000026822090149,
            0.33482569456100464
          ],
          [
            -0.014010990038514137,
            0.022753670811653137,
            -0.046226970851421356,
            -0.0862104520201683,
            -0.03313994035124779,
            -0.10889561474323273,
            -0.05846777558326721,
            -0.08869146555662155,
            0.33482569456100464,
            0.9999667406082153
          ]
        ],
        "similarity_mode": "pairwise"
      },
      "server_lr": 1.0,
      "local_accuracies": {
        "0": 0.6,
        "1": 0.55,
        "2": 0.6166666666666667,
        "3": 0.5583333333333333,
        "4": 0.525,
        "5": 0.55,
        "6": 0.525,
        "7": 0.5166666666666667,
        "8": 0.325,
        "9": 0.38333333333333336
      }
    }
  ],
  "progressive_metrics": {
    "rounds": [
      1,
      2,
      3
    ],
    "clean_acc": [
      0.3,
      0.43333333333333335,
      0.5416666666666666
    ],
    "acc_diff": [
      0.14166666666666666,
      0.13333333333333336,
      0.10833333333333328
    ],
    "agg_update_norm": [
      0.04532593861222267,
      0.04728979989886284,
      0.04786863550543785
    ]
  },
  "local_accuracies": {
    "0": [
      0.36666666666666664,
      0.44166666666666665,
      0.6
    ],
    "1": [
      0.36666666666666664,
      0.4666666666666667,
      0.55
    ],
    "2": [
      0.26666666666666666,
      0.425,
      0.6166666666666667
    ],
    "3": [
      0.325,
      0.45,
      0.5583333333333333
    ],
    "4": [
      0.3333333333333333,
      0.4,
      0.525
    ],
    "5": [
      0.3333333333333333,
      0.48333333333333334,
      0.55
    ],
    "6": [
      0.3333333333333333,
      0.425,
      0.525
    ],
    "7": [
      0.3333333333333333,
      0.39166666666666666,
      0.5166666666666667
    ],
    "8": [
      0.25,
      0.24166666666666667,
      0.325
    ],
    "9": [
      0.23333333333333334,
      0.3333333333333333,
      0.38333333333333336
    ]
  }
}